773,1,637,152,4,8,1,-1,-1,-1
774,1,636,151,4,8,1,-1,-1,-1
775,1,635,150,5,9,1,-1,-1,-1
776,1,634,149,5,9,1,-1,-1,-1
777,1,633,148,6,10,1,-1,-1,-1
778,1,633,148,7,11,1,-1,-1,-1
779,1,632,147,7,11,1,-1,-1,-1
780,1,631,147,8,12,1,-1,-1,-1
781,1,630,147,9,12,1,-1,-1,-1
782,1,629,146,10,13,1,-1,-1,-1
783,1,628,146,11,13,1,-1,-1,-1
784,1,627,146,12,14,1,-1,-1,-1
785,1,627,146,13,14,1,-1,-1,-1
786,1,626,145,13,15,1,-1,-1,-1
787,1,625,145,14,15,1,-1,-1,-1
788,1,624,145,15,16,1,-1,-1,-1
789,1,623,144,16,16,1,-1,-1,-1
790,1,622,144,17,17,1,-1,-1,-1
791,1,621,144,18,17,1,-1,-1,-1
792,1,621,144,19,18,1,-1,-1,-1
793,1,620,144,19,17,1,-1,-1,-1
794,1,619,144,19,17,1,-1,-1,-1
795,1,618,144,19,17,1,-1,-1,-1
797,1,617,144,19,17,1,-1,-1,-1
798,1,616,144,19,17,1,-1,-1,-1
799,1,616,144,19,17,1,-1,-1,-1
800,1,615,144,18,16,1,-1,-1,-1
801,1,614,144,18,16,1,-1,-1,-1
802,1,613,144,18,16,1,-1,-1,-1
804,1,612,144,18,16,1,-1,-1,-1
805,1,611,144,18,16,1,-1,-1,-1
807,1,610,144,18,16,1,-1,-1,-1
808,1,609,144,18,16,1,-1,-1,-1
809,1,609,145,18,16,1,-1,-1,-1
810,1,608,145,18,16,1,-1,-1,-1
811,1,607,145,18,16,1,-1,-1,-1
812,1,606,145,19,16,1,-1,-1,-1
813,1,605,145,19,16,1,-1,-1,-1
814,1,604,145,19,16,1,-1,-1,-1
815,1,604,145,20,17,1,-1,-1,-1
816,1,603,145,20,17,1,-1,-1,-1
817,1,602,145,20,17,1,-1,-1,-1
818,1,601,145,21,17,1,-1,-1,-1
819,1,600,145,21,17,1,-1,-1,-1
820,1,600,145,22,18,1,-1,-1,-1
821,1,598,145,22,18,1,-1,-1,-1
822,1,597,145,22,18,1,-1,-1,-1
823,1,596,145,22,18,1,-1,-1,-1
824,1,595,145,22,18,1,-1,-1,-1
825,1,594,145,22,18,1,-1,-1,-1
826,1,593,145,22,18,1,-1,-1,-1
827,1,592,145,22,18,1,-1,-1,-1
828,1,591,145,22,18,1,-1,-1,-1
829,1,590,145,22,18,1,-1,-1,-1
830,1,589,145,22,18,1,-1,-1,-1
831,1,588,145,22,18,1,-1,-1,-1
832,1,587,145,22,18,1,-1,-1,-1
833,1,586,145,22,18,1,-1,-1,-1
834,1,585,145,22,18,1,-1,-1,-1
835,1,584,145,22,18,1,-1,-1,-1
836,1,583,144,22,18,1,-1,-1,-1
837,1,582,144,22,18,1,-1,-1,-1
838,1,581,144,22,18,1,-1,-1,-1
839,1,580,144,22,18,1,-1,-1,-1
840,1,579,144,23,19,1,-1,-1,-1
841,1,578,144,23,19,1,-1,-1,-1
842,1,577,144,23,19,1,-1,-1,-1
843,1,576,144,23,19,1,-1,-1,-1
844,1,575,144,23,19,1,-1,-1,-1
845,1,574,144,24,20,1,-1,-1,-1
846,1,573,144,24,20,1,-1,-1,-1
847,1,572,144,24,20,1,-1,-1,-1
848,1,571,144,24,20,1,-1,-1,-1
849,1,570,144,24,20,1,-1,-1,-1
850,1,570,144,25,21,1,-1,-1,-1
851,1,569,144,25,20,1,-1,-1,-1
852,1,568,144,25,20,1,-1,-1,-1
853,1,567,144,25,20,1,-1,-1,-1
854,1,566,145,25,20,1,-1,-1,-1
855,1,565,145,25,20,1,-1,-1,-1
856,1,564,145,25,20,1,-1,-1,-1
857,1,563,145,25,20,1,-1,-1,-1
858,1,563,146,25,20,1,-1,-1,-1
859,1,562,146,25,20,1,-1,-1,-1
860,1,561,146,25,20,1,-1,-1,-1
861,1,560,146,25,20,1,-1,-1,-1
862,1,559,147,25,20,1,-1,-1,-1
863,1,558,147,25,20,1,-1,-1,-1
864,1,557,147,25,20,1,-1,-1,-1
865,1,557,148,25,20,1,-1,-1,-1
866,1,555,147,25,20,1,-1,-1,-1
867,1,554,147,25,20,1,-1,-1,-1
868,1,553,147,25,20,1,-1,-1,-1
869,1,552,147,25,20,1,-1,-1,-1
870,1,551,147,25,20,1,-1,-1,-1
871,1,550,147,25,20,1,-1,-1,-1
872,1,549,147,25,20,1,-1,-1,-1
873,1,548,147,26,20,1,-1,-1,-1
874,1,547,147,26,20,1,-1,-1,-1
875,1,546,147,26,20,1,-1,-1,-1
876,1,545,147,26,20,1,-1,-1,-1
877,1,544,147,26,20,1,-1,-1,-1
878,1,543,147,26,20,1,-1,-1,-1
879,1,542,147,26,20,1,-1,-1,-1
880,1,541,147,27,20,1,-1,-1,-1
881,1,539,147,26,19,1,-1,-1,-1
882,1,538,147,26,19,1,-1,-1,-1
883,1,537,147,26,19,1,-1,-1,-1
884,1,535,147,26,19,1,-1,-1,-1
885,1,534,147,26,19,1,-1,-1,-1
886,1,533,147,26,19,1,-1,-1,-1
887,1,532,148,26,19,1,-1,-1,-1
888,1,530,148,26,19,1,-1,-1,-1
889,1,529,148,26,19,1,-1,-1,-1
890,1,528,148,26,19,1,-1,-1,-1
891,1,527,148,26,19,1,-1,-1,-1
892,1,525,148,26,19,1,-1,-1,-1
893,1,524,149,26,19,1,-1,-1,-1
894,1,523,149,26,19,1,-1,-1,-1
895,1,522,149,26,19,1,-1,-1,-1
896,1,520,149,26,19,1,-1,-1,-1
897,1,519,149,26,19,1,-1,-1,-1
898,1,518,149,26,19,1,-1,-1,-1
899,1,517,150,26,19,1,-1,-1,-1
900,1,515,149,26,19,1,-1,-1,-1
901,1,514,149,27,19,1,-1,-1,-1
902,1,512,149,27,19,1,-1,-1,-1
903,1,511,149,28,20,1,-1,-1,-1
904,1,509,149,28,20,1,-1,-1,-1
905,1,508,149,29,20,1,-1,-1,-1
906,1,506,148,29,21,1,-1,-1,-1
907,1,505,148,30,21,1,-1,-1,-1
908,1,503,148,30,21,1,-1,-1,-1
909,1,502,148,31,22,1,-1,-1,-1
910,1,500,148,31,22,1,-1,-1,-1
911,1,499,148,32,22,1,-1,-1,-1
912,1,498,148,33,23,1,-1,-1,-1
913,1,496,148,33,22,1,-1,-1,-1
914,1,495,148,33,22,1,-1,-1,-1
915,1,494,148,33,22,1,-1,-1,-1
916,1,493,148,33,22,1,-1,-1,-1
917,1,492,148,33,22,1,-1,-1,-1
918,1,490,148,33,22,1,-1,-1,-1
919,1,489,149,33,22,1,-1,-1,-1
920,1,488,149,33,22,1,-1,-1,-1
921,1,487,149,33,22,1,-1,-1,-1
922,1,486,149,33,22,1,-1,-1,-1
923,1,484,149,33,22,1,-1,-1,-1
924,1,483,149,33,22,1,-1,-1,-1
925,1,482,149,33,22,1,-1,-1,-1
926,1,481,150,33,22,1,-1,-1,-1
927,1,480,150,33,22,1,-1,-1,-1
928,1,478,150,33,22,1,-1,-1,-1
929,1,477,150,33,22,1,-1,-1,-1
930,1,476,150,33,22,1,-1,-1,-1
931,1,475,150,33,22,1,-1,-1,-1
932,1,474,151,33,22,1,-1,-1,-1
933,1,472,151,33,22,1,-1,-1,-1
934,1,471,151,33,22,1,-1,-1,-1
935,1,470,151,33,22,1,-1,-1,-1
936,1,469,151,33,22,1,-1,-1,-1
937,1,467,151,33,22,1,-1,-1,-1
938,1,466,151,33,22,1,-1,-1,-1
939,1,465,151,33,22,1,-1,-1,-1
940,1,464,151,33,22,1,-1,-1,-1
941,1,463,151,33,22,1,-1,-1,-1
942,1,461,151,33,22,1,-1,-1,-1
943,1,460,151,33,22,1,-1,-1,-1
944,1,459,151,33,22,1,-1,-1,-1
945,1,458,151,33,22,1,-1,-1,-1
946,1,456,151,33,22,1,-1,-1,-1
947,1,455,151,33,22,1,-1,-1,-1
948,1,454,151,33,22,1,-1,-1,-1
949,1,453,151,33,22,1,-1,-1,-1
950,1,452,152,33,23,1,-1,-1,-1
951,1,450,151,33,23,1,-1,-1,-1
952,1,449,151,33,23,1,-1,-1,-1
953,1,447,151,33,24,1,-1,-1,-1
954,1,446,151,33,24,1,-1,-1,-1
955,1,444,151,33,25,1,-1,-1,-1
956,1,443,151,33,25,1,-1,-1,-1
957,1,441,151,33,25,1,-1,-1,-1
958,1,440,151,33,26,1,-1,-1,-1
959,1,438,151,33,26,1,-1,-1,-1
960,1,437,151,34,27,1,-1,-1,-1
961,1,435,151,33,27,1,-1,-1,-1
962,1,434,151,33,27,1,-1,-1,-1
963,1,432,151,33,27,1,-1,-1,-1
964,1,431,151,33,27,1,-1,-1,-1
965,1,429,151,33,27,1,-1,-1,-1
966,1,428,151,32,27,1,-1,-1,-1
967,1,426,151,32,27,1,-1,-1,-1
968,1,425,151,32,27,1,-1,-1,-1
969,1,423,151,32,27,1,-1,-1,-1
970,1,422,152,32,27,1,-1,-1,-1
971,1,420,152,32,26,1,-1,-1,-1
972,1,419,153,32,26,1,-1,-1,-1
973,1,418,153,32,26,1,-1,-1,-1
974,1,416,154,32,26,1,-1,-1,-1
975,1,415,155,33,26,1,-1,-1,-1
976,1,414,155,33,25,1,-1,-1,-1
977,1,412,156,33,25,1,-1,-1,-1
978,1,411,156,33,25,1,-1,-1,-1
979,1,410,157,33,25,1,-1,-1,-1
980,1,409,158,34,25,1,-1,-1,-1
981,1,407,158,34,25,1,-1,-1,-1
982,1,405,158,34,25,1,-1,-1,-1
983,1,404,158,34,25,1,-1,-1,-1
984,1,402,158,34,25,1,-1,-1,-1
985,1,401,158,34,25,1,-1,-1,-1
986,1,399,158,34,25,1,-1,-1,-1
987,1,398,158,34,25,1,-1,-1,-1
988,1,396,158,35,25,1,-1,-1,-1
989,1,395,158,35,25,1,-1,-1,-1
990,1,393,158,35,25,1,-1,-1,-1
991,1,392,158,35,25,1,-1,-1,-1
992,1,390,158,35,25,1,-1,-1,-1
993,1,389,158,35,25,1,-1,-1,-1
994,1,387,158,35,25,1,-1,-1,-1
995,1,386,158,36,26,1,-1,-1,-1
996,1,384,158,36,25,1,-1,-1,-1
997,1,383,158,36,25,1,-1,-1,-1
998,1,381,158,36,25,1,-1,-1,-1
999,1,380,159,36,25,1,-1,-1,-1
1000,1,378,159,37,25,1,-1,-1,-1
1001,1,377,159,37,25,1,-1,-1,-1
1002,1,375,160,37,25,1,-1,-1,-1
1003,1,374,160,37,25,1,-1,-1,-1
1004,1,372,160,37,25,1,-1,-1,-1
1005,1,371,161,38,25,1,-1,-1,-1
1006,1,369,161,38,25,1,-1,-1,-1
1007,1,367,161,38,25,1,-1,-1,-1
1008,1,366,161,38,25,1,-1,-1,-1
1009,1,364,161,38,25,1,-1,-1,-1
1010,1,363,162,38,25,1,-1,-1,-1
1011,1,361,162,38,25,1,-1,-1,-1
1012,1,360,162,38,25,1,-1,-1,-1
1013,1,358,162,38,25,1,-1,-1,-1
1014,1,357,163,38,25,1,-1,-1,-1
1015,1,355,163,38,25,1,-1,-1,-1
1016,1,354,163,38,25,1,-1,-1,-1
1017,1,352,163,38,25,1,-1,-1,-1
1018,1,351,164,38,26,1,-1,-1,-1
1019,1,349,164,38,25,1,-1,-1,-1
1020,1,347,164,38,25,1,-1,-1,-1
1021,1,346,164,39,25,1,-1,-1,-1
1022,1,344,164,39,25,1,-1,-1,-1
1023,1,343,164,39,25,1,-1,-1,-1
1024,1,341,165,40,25,1,-1,-1,-1
1025,1,340,165,40,25,1,-1,-1,-1
1026,1,338,165,40,25,1,-1,-1,-1
1027,1,337,165,41,25,1,-1,-1,-1
1028,1,335,165,41,25,1,-1,-1,-1
1029,1,334,166,42,25,1,-1,-1,-1
1030,1,332,166,42,25,1,-1,-1,-1
1031,1,330,166,42,25,1,-1,-1,-1
1032,1,328,166,42,25,1,-1,-1,-1
1033,1,327,166,42,25,1,-1,-1,-1
1034,1,325,166,42,25,1,-1,-1,-1
1035,1,323,166,42,26,1,-1,-1,-1
1036,1,321,166,42,26,1,-1,-1,-1
1037,1,320,166,42,26,1,-1,-1,-1
1038,1,318,166,42,26,1,-1,-1,-1
1039,1,316,166,42,26,1,-1,-1,-1
1040,1,315,167,42,27,1,-1,-1,-1
1041,1,313,167,42,27,1,-1,-1,-1
1042,1,311,167,42,27,1,-1,-1,-1
1043,1,309,167,43,27,1,-1,-1,-1
1044,1,307,167,43,27,1,-1,-1,-1
1045,1,306,168,43,27,1,-1,-1,-1
1046,1,304,168,44,27,1,-1,-1,-1
1047,1,302,168,44,27,1,-1,-1,-1
1048,1,300,168,45,27,1,-1,-1,-1
1049,1,299,169,45,27,1,-1,-1,-1
1050,1,297,169,45,27,1,-1,-1,-1
1051,1,295,169,46,27,1,-1,-1,-1
1052,1,293,169,46,27,1,-1,-1,-1
1053,1,292,170,47,27,1,-1,-1,-1
1054,1,289,170,47,27,1,-1,-1,-1
1055,1,287,170,47,27,1,-1,-1,-1
1056,1,285,171,47,27,1,-1,-1,-1
1057,1,283,171,47,27,1,-1,-1,-1
1058,1,281,171,47,27,1,-1,-1,-1
1059,1,278,172,47,27,1,-1,-1,-1
1060,1,276,172,47,27,1,-1,-1,-1
1061,1,274,172,48,27,1,-1,-1,-1
1062,1,272,173,48,27,1,-1,-1,-1
1063,1,270,173,48,27,1,-1,-1,-1
1064,1,267,173,48,27,1,-1,-1,-1
1065,1,265,174,48,27,1,-1,-1,-1
1066,1,263,174,48,27,1,-1,-1,-1
1067,1,261,174,48,27,1,-1,-1,-1
1068,1,259,175,49,27,1,-1,-1,-1
1069,1,256,175,49,27,1,-1,-1,-1
1070,1,253,175,50,27,1,-1,-1,-1
1071,1,250,175,51,28,1,-1,-1,-1
1072,1,247,175,52,28,1,-1,-1,-1
1073,1,244,175,52,28,1,-1,-1,-1
1074,1,242,175,53,29,1,-1,-1,-1
1075,1,239,175,54,29,1,-1,-1,-1
1076,1,236,175,55,29,1,-1,-1,-1
1077,1,233,175,55,30,1,-1,-1,-1
1078,1,230,175,56,30,1,-1,-1,-1
1079,1,227,175,57,30,1,-1,-1,-1
1080,1,225,176,58,31,1,-1,-1,-1
1081,1,222,176,58,31,1,-1,-1,-1
1082,1,219,176,58,31,1,-1,-1,-1
1083,1,217,176,58,31,1,-1,-1,-1
1084,1,214,177,58,31,1,-1,-1,-1
1085,1,212,177,59,31,1,-1,-1,-1
1086,1,209,177,59,31,1,-1,-1,-1
1087,1,206,178,59,31,1,-1,-1,-1
1088,1,204,178,59,31,1,-1,-1,-1
1089,1,201,178,59,31,1,-1,-1,-1
1090,1,199,179,60,31,1,-1,-1,-1
1091,1,196,179,60,31,1,-1,-1,-1
1092,1,193,179,60,31,1,-1,-1,-1
1093,1,191,179,60,31,1,-1,-1,-1
1094,1,188,180,60,31,1,-1,-1,-1
1095,1,186,180,61,31,1,-1,-1,-1
1096,1,183,180,61,31,1,-1,-1,-1
1097,1,180,181,61,31,1,-1,-1,-1
1098,1,178,181,61,31,1,-1,-1,-1
1099,1,175,181,61,31,1,-1,-1,-1
1100,1,173,182,62,31,1,-1,-1,-1
1101,1,169,181,62,31,1,-1,-1,-1
1102,1,166,181,62,31,1,-1,-1,-1
1103,1,163,181,62,32,1,-1,-1,-1
1104,1,160,181,63,32,1,-1,-1,-1
1105,1,157,181,63,32,1,-1,-1,-1
1106,1,154,181,63,33,1,-1,-1,-1
1107,1,151,181,63,33,1,-1,-1,-1
1108,1,147,180,64,33,1,-1,-1,-1
1109,1,144,180,64,34,1,-1,-1,-1
1110,1,141,180,64,34,1,-1,-1,-1
1111,1,138,180,64,34,1,-1,-1,-1
1112,1,135,180,65,35,1,-1,-1,-1
1113,1,132,180,65,35,1,-1,-1,-1
1114,1,129,180,65,35,1,-1,-1,-1
1115,1,126,180,66,36,1,-1,-1,-1
1116,1,122,180,66,35,1,-1,-1,-1
1117,1,119,181,66,35,1,-1,-1,-1
1118,1,116,181,66,35,1,-1,-1,-1
1119,1,113,182,67,35,1,-1,-1,-1
1120,1,110,183,67,35,1,-1,-1,-1
1121,1,106,183,67,35,1,-1,-1,-1
1122,1,103,184,67,35,1,-1,-1,-1
1123,1,100,184,68,35,1,-1,-1,-1
1124,1,97,185,68,35,1,-1,-1,-1
1125,1,94,186,68,35,1,-1,-1,-1
1126,1,90,186,68,35,1,-1,-1,-1
1127,1,87,187,69,35,1,-1,-1,-1
1128,1,84,187,69,35,1,-1,-1,-1
1129,1,81,188,69,35,1,-1,-1,-1
1130,1,78,189,70,35,1,-1,-1,-1
1131,1,73,189,70,34,1,-1,-1,-1
1132,1,69,189,71,34,1,-1,-1,-1
1133,1,64,190,72,34,1,-1,-1,-1
1134,1,60,190,72,34,1,-1,-1,-1
1135,1,56,191,73,34,1,-1,-1,-1
1136,1,51,191,74,34,1,-1,-1,-1
1137,1,47,191,74,34,1,-1,-1,-1
1138,1,42,192,75,34,1,-1,-1,-1
1139,1,38,192,76,34,1,-1,-1,-1
1140,1,34,193,76,34,1,-1,-1,-1
1141,1,29,193,77,34,1,-1,-1,-1
1142,1,25,193,78,34,1,-1,-1,-1
1143,1,20,194,78,34,1,-1,-1,-1
1144,1,16,194,79,34,1,-1,-1,-1
1145,1,12,195,80,34,1,-1,-1,-1
1146,1,8,195,80,33,1,-1,-1,-1
1147,1,4,195,80,33,1,-1,-1,-1
1148,1,0,196,81,33,1,-1,-1,-1
1149,1,0,194,79,35,1,-1,-1,-1
1150,1,0,194,75,34,1,-1,-1,-1
1151,1,0,194,71,34,1,-1,-1,-1
1152,1,0,195,68,34,1,-1,-1,-1
1153,1,0,195,64,34,1,-1,-1,-1
1154,1,0,196,60,33,1,-1,-1,-1
1155,1,0,196,57,33,1,-1,-1,-1
1156,1,0,197,53,33,1,-1,-1,-1
1157,1,0,197,49,33,1,-1,-1,-1
1158,1,0,197,46,33,1,-1,-1,-1
1159,1,0,198,42,32,1,-1,-1,-1
1160,1,0,198,38,32,1,-1,-1,-1
1161,1,0,199,35,32,1,-1,-1,-1
1162,1,0,199,31,32,1,-1,-1,-1
1163,1,0,200,28,32,1,-1,-1,-1
1164,1,0,200,24,31,1,-1,-1,-1
1165,1,0,200,20,30,1,-1,-1,-1
1166,1,0,200,16,29,1,-1,-1,-1
1167,1,0,199,13,28,1,-1,-1,-1
1168,1,0,200,9,30,1,-1,-1,-1
1169,1,0,200,8,27,1,-1,-1,-1
3877,1,0,287,14,19,1,-1,-1,-1
3878,1,0,285,24,27,1,-1,-1,-1
3879,1,0,285,31,26,1,-1,-1,-1
3880,1,0,286,43,25,1,-1,-1,-1
3881,1,0,284,51,26,1,-1,-1,-1
3882,1,0,282,59,28,1,-1,-1,-1
3883,1,0,280,68,30,1,-1,-1,-1
3884,1,0,278,76,32,1,-1,-1,-1
3885,1,0,276,84,33,1,-1,-1,-1
3886,1,0,274,93,35,1,-1,-1,-1
3887,1,0,272,101,37,1,-1,-1,-1
3888,1,0,271,110,39,1,-1,-1,-1
3889,1,0,268,118,43,1,-1,-1,-1
3890,1,0,267,126,40,1,-1,-1,-1
3891,1,0,262,133,41,1,-1,-1,-1
3892,1,3,254,138,52,1,-1,-1,-1
3893,1,10,256,137,46,1,-1,-1,-1
3894,1,18,256,137,46,1,-1,-1,-1
3895,1,26,254,136,46,1,-1,-1,-1
3896,1,34,253,135,46,1,-1,-1,-1
3897,1,42,252,134,46,1,-1,-1,-1
3898,1,50,251,133,46,1,-1,-1,-1
3899,1,58,249,132,46,1,-1,-1,-1
3900,1,66,248,131,47,1,-1,-1,-1
3901,1,74,247,130,47,1,-1,-1,-1
3902,1,82,246,130,47,1,-1,-1,-1
3903,1,90,244,129,47,1,-1,-1,-1
3904,1,98,243,128,47,1,-1,-1,-1
3905,1,106,242,127,48,1,-1,-1,-1
3906,1,114,241,126,48,1,-1,-1,-1
3907,1,122,239,125,48,1,-1,-1,-1
3908,1,130,238,124,48,1,-1,-1,-1
3909,1,138,237,123,48,1,-1,-1,-1
3910,1,146,236,123,49,1,-1,-1,-1
3911,1,153,235,122,48,1,-1,-1,-1
3912,1,160,234,121,48,1,-1,-1,-1
3913,1,167,233,120,48,1,-1,-1,-1
3914,1,174,233,120,47,1,-1,-1,-1
3915,1,181,232,119,47,1,-1,-1,-1
3916,1,188,231,118,47,1,-1,-1,-1
3917,1,195,231,118,46,1,-1,-1,-1
3918,1,202,230,117,46,1,-1,-1,-1
3919,1,209,229,116,46,1,-1,-1,-1
3920,1,217,229,116,46,1,-1,-1,-1
3921,1,223,228,115,46,1,-1,-1,-1
3922,1,229,227,114,46,1,-1,-1,-1
3923,1,236,226,113,46,1,-1,-1,-1
3924,1,242,225,113,47,1,-1,-1,-1
3925,1,249,224,112,47,1,-1,-1,-1
3926,1,255,223,111,47,1,-1,-1,-1
3927,1,261,222,111,48,1,-1,-1,-1
3928,1,268,221,110,48,1,-1,-1,-1
3929,1,274,220,109,48,1,-1,-1,-1
3930,1,281,219,109,49,1,-1,-1,-1
3931,1,287,218,108,48,1,-1,-1,-1
3932,1,293,218,107,47,1,-1,-1,-1
3933,1,299,218,107,46,1,-1,-1,-1
3934,1,305,217,106,46,1,-1,-1,-1
3935,1,311,217,106,45,1,-1,-1,-1
3936,1,317,217,105,44,1,-1,-1,-1
3937,1,323,216,104,44,1,-1,-1,-1
3938,1,329,216,104,43,1,-1,-1,-1
3939,1,335,216,103,42,1,-1,-1,-1
3940,1,341,216,103,42,1,-1,-1,-1
3941,1,346,215,102,42,1,-1,-1,-1
3942,1,351,215,102,42,1,-1,-1,-1
3943,1,357,214,101,42,1,-1,-1,-1
3944,1,362,214,101,42,1,-1,-1,-1
3945,1,368,213,100,42,1,-1,-1,-1
3946,1,373,213,100,42,1,-1,-1,-1
3947,1,378,212,99,42,1,-1,-1,-1
3948,1,384,212,99,42,1,-1,-1,-1
3949,1,389,211,98,42,1,-1,-1,-1
3950,1,395,211,98,42,1,-1,-1,-1
3951,1,400,210,97,41,1,-1,-1,-1
3952,1,405,210,97,41,1,-1,-1,-1
3953,1,410,210,96,40,1,-1,-1,-1
3954,1,415,210,96,40,1,-1,-1,-1
3955,1,420,210,96,39,1,-1,-1,-1
3956,1,425,209,95,39,1,-1,-1,-1
3957,1,430,209,95,38,1,-1,-1,-1
3958,1,435,209,94,38,1,-1,-1,-1
3959,1,440,209,94,37,1,-1,-1,-1
3960,1,445,209,94,37,1,-1,-1,-1
3961,1,449,208,93,37,1,-1,-1,-1
3962,1,454,208,93,37,1,-1,-1,-1
3963,1,459,207,92,37,1,-1,-1,-1
3964,1,464,207,92,37,1,-1,-1,-1
3965,1,469,206,92,37,1,-1,-1,-1
3966,1,473,206,91,37,1,-1,-1,-1
3967,1,478,205,91,37,1,-1,-1,-1
3968,1,483,205,90,37,1,-1,-1,-1
3969,1,488,204,90,37,1,-1,-1,-1
3970,1,493,204,90,37,1,-1,-1,-1
3971,1,497,203,89,36,1,-1,-1,-1
3972,1,502,203,88,36,1,-1,-1,-1
3973,1,506,203,87,36,1,-1,-1,-1
3974,1,511,202,86,36,1,-1,-1,-1
3975,1,515,202,85,36,1,-1,-1,-1
3976,1,520,202,85,36,1,-1,-1,-1
3977,1,542,200,85,36,1,-1,-1,-1
3978,1,546,199,84,36,1,-1,-1,-1
3979,1,550,199,83,36,1,-1,-1,-1
3980,1,555,199,83,36,1,-1,-1,-1
3981,1,560,196,80,36,1,-1,-1,-1
3982,1,563,195,76,35,1,-1,-1,-1
3983,1,567,195,72,35,1,-1,-1,-1
3984,1,571,195,68,35,1,-1,-1,-1
3985,1,575,195,64,35,1,-1,-1,-1
3986,1,579,194,60,34,1,-1,-1,-1
3987,1,583,194,56,34,1,-1,-1,-1
3988,1,586,194,53,34,1,-1,-1,-1
3989,1,590,194,49,34,1,-1,-1,-1
3990,1,594,193,45,33,1,-1,-1,-1
3991,1,598,193,41,33,1,-1,-1,-1
3992,1,602,193,37,33,1,-1,-1,-1
3993,1,606,193,33,33,1,-1,-1,-1
3994,1,610,193,30,33,1,-1,-1,-1
3995,1,613,193,26,32,1,-1,-1,-1
3996,1,617,193,22,31,1,-1,-1,-1
3997,1,621,194,19,31,1,-1,-1,-1
3998,1,624,194,15,30,1,-1,-1,-1
3999,1,628,194,11,29,1,-1,-1,-1
4000,1,632,195,8,29,1,-1,-1,-1
835,2,634,141,6,10,1,-1,-1,-1
836,2,633,140,6,10,1,-1,-1,-1
837,2,632,140,7,10,1,-1,-1,-1
838,2,631,140,8,10,1,-1,-1,-1
839,2,630,140,9,10,1,-1,-1,-1
840,2,629,140,10,11,1,-1,-1,-1
841,2,628,140,11,11,1,-1,-1,-1
842,2,628,139,12,11,1,-1,-1,-1
843,2,627,139,13,11,1,-1,-1,-1
844,2,626,139,14,12,1,-1,-1,-1
845,2,625,139,15,12,1,-1,-1,-1
846,2,624,139,16,12,1,-1,-1,-1
847,2,623,139,17,12,1,-1,-1,-1
848,2,623,139,18,13,1,-1,-1,-1
849,2,623,139,18,13,1,-1,-1,-1
850,2,622,139,18,12,1,-1,-1,-1
851,2,621,139,18,12,1,-1,-1,-1
852,2,620,139,18,12,1,-1,-1,-1
853,2,619,139,18,12,1,-1,-1,-1
854,2,618,139,18,12,1,-1,-1,-1
855,2,617,139,18,12,1,-1,-1,-1
856,2,616,139,18,12,1,-1,-1,-1
857,2,615,139,19,11,1,-1,-1,-1
858,2,614,139,19,11,1,-1,-1,-1
859,2,613,139,19,11,1,-1,-1,-1
860,2,612,139,19,11,1,-1,-1,-1
861,2,611,139,19,11,1,-1,-1,-1
862,2,610,139,19,11,1,-1,-1,-1
863,2,609,139,19,11,1,-1,-1,-1
864,2,609,140,20,11,1,-1,-1,-1
865,2,608,140,19,10,1,-1,-1,-1
866,2,607,140,19,10,1,-1,-1,-1
867,2,606,140,19,10,1,-1,-1,-1
869,2,605,140,19,10,1,-1,-1,-1
870,2,604,140,19,10,1,-1,-1,-1
871,2,603,140,19,10,1,-1,-1,-1
873,2,602,140,18,10,1,-1,-1,-1
874,2,601,140,18,10,1,-1,-1,-1
875,2,600,140,18,10,1,-1,-1,-1
877,2,599,140,18,10,1,-1,-1,-1
878,2,598,140,18,10,1,-1,-1,-1
880,2,597,140,18,10,1,-1,-1,-1
881,2,596,140,18,10,1,-1,-1,-1
882,2,595,140,17,10,1,-1,-1,-1
884,2,594,140,17,10,1,-1,-1,-1
885,2,593,140,17,10,1,-1,-1,-1
886,2,592,140,17,10,1,-1,-1,-1
888,2,591,140,17,10,1,-1,-1,-1
889,2,590,140,17,10,1,-1,-1,-1
890,2,590,141,17,10,1,-1,-1,-1
891,2,589,141,16,10,1,-1,-1,-1
892,2,588,141,16,10,1,-1,-1,-1
893,2,587,141,16,10,1,-1,-1,-1
894,2,586,141,16,10,1,-1,-1,-1
895,2,585,141,16,10,1,-1,-1,-1
896,2,584,141,16,10,1,-1,-1,-1
897,2,583,141,16,10,1,-1,-1,-1
898,2,582,141,16,10,1,-1,-1,-1
899,2,581,141,16,10,1,-1,-1,-1
900,2,580,141,16,10,1,-1,-1,-1
901,2,579,140,16,10,1,-1,-1,-1
902,2,578,140,16,10,1,-1,-1,-1
903,2,577,140,16,10,1,-1,-1,-1
904,2,576,140,16,10,1,-1,-1,-1
906,2,575,140,16,10,1,-1,-1,-1
907,2,574,140,16,10,1,-1,-1,-1
908,2,573,140,16,10,1,-1,-1,-1
909,2,572,140,16,10,1,-1,-1,-1
910,2,572,140,17,10,1,-1,-1,-1
911,2,571,140,17,10,1,-1,-1,-1
912,2,570,140,17,10,1,-1,-1,-1
913,2,569,140,17,10,1,-1,-1,-1
914,2,568,140,17,10,1,-1,-1,-1
916,2,567,140,17,10,1,-1,-1,-1
917,2,566,140,17,10,1,-1,-1,-1
918,2,565,140,17,10,1,-1,-1,-1
919,2,564,140,17,10,1,-1,-1,-1
920,2,564,140,18,11,1,-1,-1,-1
921,2,563,140,18,11,1,-1,-1,-1
922,2,562,140,18,11,1,-1,-1,-1
923,2,561,140,18,11,1,-1,-1,-1
925,2,560,140,18,11,1,-1,-1,-1
926,2,559,140,18,11,1,-1,-1,-1
927,2,558,140,18,11,1,-1,-1,-1
929,2,557,140,18,11,1,-1,-1,-1
930,2,556,141,19,12,1,-1,-1,-1
931,2,555,141,19,12,1,-1,-1,-1
933,2,554,141,19,12,1,-1,-1,-1
934,2,553,141,19,12,1,-1,-1,-1
935,2,552,141,19,12,1,-1,-1,-1
937,2,551,141,19,12,1,-1,-1,-1
938,2,550,141,19,12,1,-1,-1,-1
939,2,549,141,19,12,1,-1,-1,-1
940,2,549,142,20,13,1,-1,-1,-1
941,2,548,142,20,13,1,-1,-1,-1
942,2,547,142,20,13,1,-1,-1,-1
943,2,546,142,20,13,1,-1,-1,-1
944,2,545,142,20,13,1,-1,-1,-1
945,2,544,142,20,13,1,-1,-1,-1
946,2,543,142,20,13,1,-1,-1,-1
947,2,543,143,20,13,1,-1,-1,-1
948,2,542,143,20,13,1,-1,-1,-1
949,2,541,143,20,13,1,-1,-1,-1
950,2,540,143,20,13,1,-1,-1,-1
951,2,539,143,20,13,1,-1,-1,-1
952,2,538,143,20,13,1,-1,-1,-1
953,2,537,143,20,13,1,-1,-1,-1
954,2,537,144,20,13,1,-1,-1,-1
955,2,536,144,20,13,1,-1,-1,-1
956,2,535,144,20,13,1,-1,-1,-1
957,2,534,144,20,13,1,-1,-1,-1
958,2,533,144,20,13,1,-1,-1,-1
959,2,532,144,20,13,1,-1,-1,-1
960,2,532,145,20,13,1,-1,-1,-1
961,2,531,145,20,12,1,-1,-1,-1
962,2,530,145,20,12,1,-1,-1,-1
963,2,529,145,20,12,1,-1,-1,-1
964,2,528,145,20,12,1,-1,-1,-1
965,2,527,145,20,12,1,-1,-1,-1
966,2,526,145,20,12,1,-1,-1,-1
967,2,525,145,20,12,1,-1,-1,-1
968,2,524,145,20,12,1,-1,-1,-1
969,2,523,145,20,12,1,-1,-1,-1
970,2,522,146,21,12,1,-1,-1,-1
971,2,521,146,21,12,1,-1,-1,-1
972,2,520,146,21,12,1,-1,-1,-1
973,2,519,146,21,12,1,-1,-1,-1
974,2,518,146,21,12,1,-1,-1,-1
975,2,517,146,21,12,1,-1,-1,-1
976,2,516,146,21,12,1,-1,-1,-1
977,2,515,146,21,12,1,-1,-1,-1
978,2,514,146,21,12,1,-1,-1,-1
979,2,513,146,21,12,1,-1,-1,-1
980,2,512,147,22,12,1,-1,-1,-1
981,2,511,147,21,12,1,-1,-1,-1
982,2,510,147,21,12,1,-1,-1,-1
983,2,509,147,21,12,1,-1,-1,-1
984,2,508,147,21,12,1,-1,-1,-1
985,2,507,147,21,12,1,-1,-1,-1
986,2,506,147,21,12,1,-1,-1,-1
987,2,505,148,21,12,1,-1,-1,-1
988,2,504,148,21,12,1,-1,-1,-1
989,2,503,148,21,12,1,-1,-1,-1
990,2,502,148,21,12,1,-1,-1,-1
991,2,501,148,20,12,1,-1,-1,-1
992,2,500,148,20,12,1,-1,-1,-1
993,2,499,148,20,12,1,-1,-1,-1
994,2,498,149,20,12,1,-1,-1,-1
995,2,497,149,20,12,1,-1,-1,-1
996,2,496,149,20,12,1,-1,-1,-1
997,2,495,149,20,12,1,-1,-1,-1
998,2,494,149,20,12,1,-1,-1,-1
999,2,493,149,20,12,1,-1,-1,-1
1000,2,492,150,20,12,1,-1,-1,-1
1001,2,490,150,20,12,1,-1,-1,-1
1002,2,489,150,20,12,1,-1,-1,-1
1003,2,488,150,20,12,1,-1,-1,-1
1004,2,487,150,21,12,1,-1,-1,-1
1005,2,486,150,21,12,1,-1,-1,-1
1006,2,485,150,21,12,1,-1,-1,-1
1007,2,483,150,22,12,1,-1,-1,-1
1008,2,482,150,22,12,1,-1,-1,-1
1009,2,481,150,22,12,1,-1,-1,-1
1010,2,480,150,23,12,1,-1,-1,-1
1011,2,479,150,23,12,1,-1,-1,-1
1012,2,478,150,23,12,1,-1,-1,-1
1013,2,476,150,24,12,1,-1,-1,-1
1014,2,475,150,24,12,1,-1,-1,-1
1015,2,474,150,24,12,1,-1,-1,-1
1016,2,473,150,25,12,1,-1,-1,-1
1017,2,472,150,25,12,1,-1,-1,-1
1018,2,471,150,25,12,1,-1,-1,-1
1019,2,470,151,26,12,1,-1,-1,-1
1020,2,468,151,26,12,1,-1,-1,-1
1021,2,467,151,26,12,1,-1,-1,-1
1022,2,466,151,26,12,1,-1,-1,-1
1023,2,465,151,26,12,1,-1,-1,-1
1024,2,464,151,26,12,1,-1,-1,-1
1025,2,463,151,26,12,1,-1,-1,-1
1026,2,462,151,26,12,1,-1,-1,-1
1027,2,460,151,26,12,1,-1,-1,-1
1028,2,459,151,26,12,1,-1,-1,-1
1029,2,458,151,26,12,1,-1,-1,-1
1030,2,457,152,26,12,1,-1,-1,-1
1031,2,456,152,26,12,1,-1,-1,-1
1032,2,455,152,26,12,1,-1,-1,-1
1033,2,454,152,26,12,1,-1,-1,-1
1034,2,452,152,26,12,1,-1,-1,-1
1035,2,451,152,26,12,1,-1,-1,-1
1036,2,450,152,26,12,1,-1,-1,-1
1037,2,449,152,26,12,1,-1,-1,-1
1038,2,448,152,26,12,1,-1,-1,-1
1039,2,447,152,26,12,1,-1,-1,-1
1040,2,446,153,26,13,1,-1,-1,-1
1041,2,444,153,25,13,1,-1,-1,-1
1042,2,443,153,25,13,1,-1,-1,-1
1043,2,442,153,25,13,1,-1,-1,-1
1044,2,441,153,25,13,1,-1,-1,-1
1045,2,440,153,25,13,1,-1,-1,-1
1046,2,439,153,25,13,1,-1,-1,-1
1047,2,437,153,25,13,1,-1,-1,-1
1048,2,436,153,25,13,1,-1,-1,-1
1049,2,435,153,25,13,1,-1,-1,-1
1050,2,434,154,25,13,1,-1,-1,-1
1051,2,433,154,25,13,1,-1,-1,-1
1052,2,432,154,25,13,1,-1,-1,-1
1053,2,431,154,25,13,1,-1,-1,-1
1054,2,429,154,25,13,1,-1,-1,-1
1055,2,428,154,25,13,1,-1,-1,-1
1056,2,427,154,25,13,1,-1,-1,-1
1057,2,426,154,25,13,1,-1,-1,-1
1058,2,425,154,25,13,1,-1,-1,-1
1059,2,424,154,25,13,1,-1,-1,-1
1060,2,423,155,25,13,1,-1,-1,-1
1061,2,421,155,25,13,1,-1,-1,-1
1062,2,420,155,25,13,1,-1,-1,-1
1063,2,418,155,25,13,1,-1,-1,-1
1064,2,417,155,25,13,1,-1,-1,-1
1065,2,416,155,25,13,1,-1,-1,-1
1066,2,414,155,25,13,1,-1,-1,-1
1067,2,413,156,26,13,1,-1,-1,-1
1068,2,411,156,26,13,1,-1,-1,-1
1069,2,410,156,26,13,1,-1,-1,-1
1070,2,409,156,26,13,1,-1,-1,-1
1071,2,407,156,26,13,1,-1,-1,-1
1072,2,406,156,26,13,1,-1,-1,-1
1073,2,404,156,26,13,1,-1,-1,-1
1074,2,403,157,27,13,1,-1,-1,-1
1075,2,402,157,27,13,1,-1,-1,-1
1076,2,400,157,27,13,1,-1,-1,-1
1077,2,399,157,27,13,1,-1,-1,-1
1078,2,397,157,27,13,1,-1,-1,-1
1079,2,396,157,27,13,1,-1,-1,-1
1080,2,395,158,28,13,1,-1,-1,-1
1081,2,393,158,28,13,1,-1,-1,-1
1082,2,392,158,28,13,1,-1,-1,-1
1083,2,391,158,28,13,1,-1,-1,-1
1084,2,389,158,28,13,1,-1,-1,-1
1085,2,388,158,28,13,1,-1,-1,-1
1086,2,387,158,28,13,1,-1,-1,-1
1087,2,385,159,28,13,1,-1,-1,-1
1088,2,384,159,28,13,1,-1,-1,-1
1089,2,383,159,28,13,1,-1,-1,-1
1090,2,382,159,29,13,1,-1,-1,-1
1091,2,380,159,29,13,1,-1,-1,-1
1092,2,379,159,29,13,1,-1,-1,-1
1093,2,378,159,29,13,1,-1,-1,-1
1094,2,376,160,29,13,1,-1,-1,-1
1095,2,375,160,29,13,1,-1,-1,-1
1096,2,374,160,29,13,1,-1,-1,-1
1097,2,372,160,29,13,1,-1,-1,-1
1098,2,371,160,29,13,1,-1,-1,-1
1099,2,370,160,29,13,1,-1,-1,-1
1100,2,369,161,30,13,1,-1,-1,-1
1101,2,367,161,30,13,1,-1,-1,-1
1102,2,365,161,30,13,1,-1,-1,-1
1103,2,364,161,30,13,1,-1,-1,-1
1104,2,362,161,30,13,1,-1,-1,-1
1105,2,361,161,30,13,1,-1,-1,-1
1106,2,359,161,30,13,1,-1,-1,-1
1107,2,357,161,30,14,1,-1,-1,-1
1108,2,356,161,30,14,1,-1,-1,-1
1109,2,354,161,30,14,1,-1,-1,-1
1110,2,353,161,31,14,1,-1,-1,-1
1111,2,351,161,31,14,1,-1,-1,-1
1112,2,349,161,31,14,1,-1,-1,-1
1113,2,348,161,31,14,1,-1,-1,-1
1114,2,346,161,31,15,1,-1,-1,-1
1115,2,345,161,31,15,1,-1,-1,-1
1116,2,343,161,31,15,1,-1,-1,-1
1117,2,341,161,31,15,1,-1,-1,-1
1118,2,340,161,31,15,1,-1,-1,-1
1119,2,338,161,31,15,1,-1,-1,-1
1120,2,337,162,32,16,1,-1,-1,-1
1121,2,335,162,32,16,1,-1,-1,-1
1122,2,333,162,32,16,1,-1,-1,-1
1123,2,332,162,32,16,1,-1,-1,-1
1124,2,330,162,32,16,1,-1,-1,-1
1125,2,329,162,32,16,1,-1,-1,-1
1126,2,327,162,32,16,1,-1,-1,-1
1127,2,326,163,32,16,1,-1,-1,-1
1128,2,324,163,32,16,1,-1,-1,-1
1129,2,323,163,32,16,1,-1,-1,-1
1130,2,321,163,32,16,1,-1,-1,-1
1131,2,320,163,32,16,1,-1,-1,-1
1132,2,318,163,32,16,1,-1,-1,-1
1133,2,317,164,33,16,1,-1,-1,-1
1134,2,311,164,33,16,1,-1,-1,-1
1135,2,310,164,33,16,1,-1,-1,-1
1136,2,308,164,33,16,1,-1,-1,-1
1137,2,306,164,33,16,1,-1,-1,-1
1138,2,304,164,33,16,1,-1,-1,-1
1139,2,302,164,33,16,1,-1,-1,-1
1140,2,301,165,34,16,1,-1,-1,-1
1141,2,299,165,34,16,1,-1,-1,-1
1142,2,297,165,34,16,1,-1,-1,-1
1143,2,296,165,34,16,1,-1,-1,-1
1144,2,294,165,34,16,1,-1,-1,-1
1145,2,292,165,34,16,1,-1,-1,-1
1146,2,291,165,34,16,1,-1,-1,-1
1147,2,289,166,35,16,1,-1,-1,-1
1148,2,287,166,35,16,1,-1,-1,-1
1149,2,286,166,35,16,1,-1,-1,-1
1150,2,284,166,35,16,1,-1,-1,-1
1151,2,282,166,35,16,1,-1,-1,-1
1152,2,281,166,35,16,1,-1,-1,-1
1153,2,279,166,35,16,1,-1,-1,-1
1154,2,277,167,36,16,1,-1,-1,-1
1155,2,276,167,36,16,1,-1,-1,-1
1156,2,274,167,36,16,1,-1,-1,-1
1157,2,272,167,36,16,1,-1,-1,-1
1158,2,271,167,36,16,1,-1,-1,-1
1159,2,269,167,36,16,1,-1,-1,-1
1160,2,268,168,37,17,1,-1,-1,-1
1161,2,266,168,37,17,1,-1,-1,-1
1162,2,264,168,37,17,1,-1,-1,-1
1163,2,262,168,37,17,1,-1,-1,-1
1164,2,260,168,38,17,1,-1,-1,-1
1165,2,258,168,38,17,1,-1,-1,-1
1166,2,256,168,38,17,1,-1,-1,-1
1167,2,255,168,39,17,1,-1,-1,-1
1168,2,253,168,39,17,1,-1,-1,-1
1169,2,251,168,39,17,1,-1,-1,-1
1170,2,249,168,40,17,1,-1,-1,-1
1171,2,247,168,40,17,1,-1,-1,-1
1172,2,245,168,40,17,1,-1,-1,-1
1173,2,244,169,41,18,1,-1,-1,-1
1174,2,229,171,41,18,1,-1,-1,-1
1175,2,226,171,41,18,1,-1,-1,-1
1176,2,224,171,42,18,1,-1,-1,-1
1177,2,222,171,42,18,1,-1,-1,-1
1178,2,219,171,43,18,1,-1,-1,-1
1179,2,217,171,43,18,1,-1,-1,-1
1180,2,215,171,44,19,1,-1,-1,-1
1181,2,211,171,44,19,1,-1,-1,-1
1182,2,208,171,44,19,1,-1,-1,-1
1183,2,205,172,45,19,1,-1,-1,-1
1184,2,202,172,45,19,1,-1,-1,-1
1185,2,199,172,46,19,1,-1,-1,-1
1186,2,196,173,46,19,1,-1,-1,-1
1187,2,193,173,47,19,1,-1,-1,-1
1188,2,190,173,47,19,1,-1,-1,-1
1189,2,187,174,48,19,1,-1,-1,-1
1190,2,176,174,51,19,1,-1,-1,-1
1191,2,173,174,51,19,1,-1,-1,-1
1192,2,170,174,51,19,1,-1,-1,-1
1193,2,167,174,51,19,1,-1,-1,-1
1194,2,164,174,51,19,1,-1,-1,-1
1195,2,162,175,52,19,1,-1,-1,-1
1196,2,159,175,52,19,1,-1,-1,-1
1197,2,156,175,52,19,1,-1,-1,-1
1198,2,153,175,52,19,1,-1,-1,-1
1199,2,150,175,52,19,1,-1,-1,-1
1200,2,148,176,53,19,1,-1,-1,-1
1201,2,145,176,53,19,1,-1,-1,-1
1202,2,142,176,53,19,1,-1,-1,-1
1203,2,139,176,54,19,1,-1,-1,-1
1204,2,137,176,54,19,1,-1,-1,-1
1205,2,134,177,54,19,1,-1,-1,-1
1206,2,131,177,55,19,1,-1,-1,-1
1207,2,129,177,55,20,1,-1,-1,-1
1208,2,126,177,55,20,1,-1,-1,-1
1209,2,123,177,56,20,1,-1,-1,-1
1210,2,121,178,56,20,1,-1,-1,-1
1211,2,118,178,56,20,1,-1,-1,-1
1212,2,115,178,57,20,1,-1,-1,-1
1213,2,112,178,57,20,1,-1,-1,-1
1214,2,110,178,57,21,1,-1,-1,-1
1215,2,107,179,58,21,1,-1,-1,-1
1216,2,104,179,58,21,1,-1,-1,-1
1217,2,102,179,58,21,1,-1,-1,-1
1218,2,99,179,59,21,1,-1,-1,-1
1219,2,96,179,59,21,1,-1,-1,-1
1220,2,94,180,60,22,1,-1,-1,-1
1221,2,91,180,60,21,1,-1,-1,-1
1222,2,88,180,60,21,1,-1,-1,-1
1223,2,85,180,60,21,1,-1,-1,-1
1224,2,82,180,61,21,1,-1,-1,-1
1225,2,79,180,61,21,1,-1,-1,-1
1226,2,76,180,61,21,1,-1,-1,-1
1227,2,73,181,62,21,1,-1,-1,-1
1228,2,70,181,62,21,1,-1,-1,-1
1229,2,67,181,62,21,1,-1,-1,-1
1230,2,65,181,63,21,1,-1,-1,-1
1231,2,62,181,63,20,1,-1,-1,-1
1232,2,59,181,63,20,1,-1,-1,-1
1233,2,56,181,63,20,1,-1,-1,-1
1234,2,53,182,64,20,1,-1,-1,-1
1235,2,50,182,64,20,1,-1,-1,-1
1236,2,47,182,64,20,1,-1,-1,-1
1237,2,44,182,65,20,1,-1,-1,-1
1238,2,41,182,65,20,1,-1,-1,-1
1239,2,38,182,65,20,1,-1,-1,-1
1240,2,36,183,66,20,1,-1,-1,-1
1241,2,32,183,66,20,1,-1,-1,-1
1242,2,29,183,66,21,1,-1,-1,-1
1243,2,26,183,67,21,1,-1,-1,-1
1244,2,23,183,67,22,1,-1,-1,-1
1245,2,20,183,67,22,1,-1,-1,-1
1246,2,16,184,68,23,1,-1,-1,-1
1247,2,13,184,68,23,1,-1,-1,-1
1248,2,10,184,68,24,1,-1,-1,-1
1249,2,7,184,69,24,1,-1,-1,-1
1250,2,4,184,69,25,1,-1,-1,-1
1251,2,1,185,70,26,1,-1,-1,-1
1252,2,0,184,70,23,1,-1,-1,-1
1253,2,0,184,66,22,1,-1,-1,-1
1254,2,0,184,63,22,1,-1,-1,-1
1255,2,0,184,60,22,1,-1,-1,-1
1256,2,0,184,57,21,1,-1,-1,-1
1257,2,0,184,54,21,1,-1,-1,-1
1258,2,0,185,50,21,1,-1,-1,-1
1259,2,0,185,47,21,1,-1,-1,-1
1260,2,0,185,44,20,1,-1,-1,-1
1261,2,0,185,41,20,1,-1,-1,-1
1262,2,0,185,38,20,1,-1,-1,-1
1263,2,0,186,35,20,1,-1,-1,-1
1264,2,0,186,31,19,1,-1,-1,-1
1265,2,0,187,28,18,1,-1,-1,-1
1266,2,0,187,25,17,1,-1,-1,-1
1267,2,0,188,22,16,1,-1,-1,-1
1268,2,0,188,19,15,1,-1,-1,-1
1269,2,0,189,16,14,1,-1,-1,-1
1270,2,0,190,13,14,1,-1,-1,-1
1271,2,0,190,10,13,1,-1,-1,-1
1272,2,0,190,8,12,1,-1,-1,-1
1273,2,0,191,6,12,1,-1,-1,-1
3934,2,0,247,13,12,1,-1,-1,-1
3935,2,0,246,20,17,1,-1,-1,-1
3936,2,0,244,27,18,1,-1,-1,-1
3937,2,0,242,34,20,1,-1,-1,-1
3938,2,0,240,41,22,1,-1,-1,-1
3939,2,0,238,48,24,1,-1,-1,-1
3940,2,0,236,55,26,1,-1,-1,-1
3941,2,0,234,62,28,1,-1,-1,-1
3942,2,0,232,69,30,1,-1,-1,-1
3943,2,0,230,77,32,1,-1,-1,-1
3944,2,0,229,83,31,1,-1,-1,-1
3945,2,0,228,89,30,1,-1,-1,-1
3946,2,0,228,96,30,1,-1,-1,-1
3947,2,0,227,102,29,1,-1,-1,-1
3948,2,0,227,109,29,1,-1,-1,-1
3949,2,4,227,113,29,1,-1,-1,-1
3950,2,11,226,112,27,1,-1,-1,-1
3951,2,19,225,111,26,1,-1,-1,-1
3952,2,25,224,110,26,1,-1,-1,-1
3953,2,31,223,110,26,1,-1,-1,-1
3954,2,38,223,109,26,1,-1,-1,-1
3955,2,44,222,109,26,1,-1,-1,-1
3956,2,51,222,108,26,1,-1,-1,-1
3957,2,57,221,108,26,1,-1,-1,-1
3958,2,64,220,107,26,1,-1,-1,-1
3959,2,70,220,107,26,1,-1,-1,-1
3960,2,77,219,106,26,1,-1,-1,-1
3961,2,83,219,106,27,1,-1,-1,-1
3962,2,90,218,105,27,1,-1,-1,-1
3963,2,96,218,105,27,1,-1,-1,-1
3964,2,103,217,104,27,1,-1,-1,-1
3965,2,109,216,104,27,1,-1,-1,-1
3966,2,116,216,103,27,1,-1,-1,-1
3967,2,122,215,103,27,1,-1,-1,-1
3968,2,129,215,102,27,1,-1,-1,-1
3969,2,135,214,102,27,1,-1,-1,-1
3970,2,142,214,102,28,1,-1,-1,-1
3971,2,148,213,101,27,1,-1,-1,-1
3972,2,154,213,101,27,1,-1,-1,-1
3973,2,160,213,100,27,1,-1,-1,-1
3974,2,166,212,100,27,1,-1,-1,-1
3975,2,172,212,99,27,1,-1,-1,-1
3976,2,179,212,99,27,1,-1,-1,-1
3977,2,207,211,99,27,1,-1,-1,-1
3978,2,212,210,98,27,1,-1,-1,-1
3979,2,217,210,98,27,1,-1,-1,-1
3980,2,223,209,97,27,1,-1,-1,-1
3981,2,228,209,97,27,1,-1,-1,-1
3982,2,234,209,97,27,1,-1,-1,-1
3983,2,239,208,96,27,1,-1,-1,-1
3984,2,245,208,96,27,1,-1,-1,-1
3985,2,250,207,95,27,1,-1,-1,-1
3986,2,256,207,95,27,1,-1,-1,-1
3987,2,261,207,95,27,1,-1,-1,-1
3988,2,267,206,94,27,1,-1,-1,-1
3989,2,272,206,94,27,1,-1,-1,-1
3990,2,278,206,94,27,1,-1,-1,-1
3991,2,282,205,93,26,1,-1,-1,-1
3992,2,287,205,93,26,1,-1,-1,-1
3993,2,292,205,93,26,1,-1,-1,-1
3994,2,297,205,93,26,1,-1,-1,-1
3995,2,302,205,93,26,1,-1,-1,-1
3996,2,307,204,92,26,1,-1,-1,-1
3997,2,312,204,92,26,1,-1,-1,-1
3998,2,317,204,92,26,1,-1,-1,-1
3999,2,322,204,92,26,1,-1,-1,-1
4000,2,327,204,92,26,1,-1,-1,-1
4001,2,331,203,91,25,1,-1,-1,-1
4002,2,336,203,91,25,1,-1,-1,-1
4003,2,341,203,91,25,1,-1,-1,-1
4004,2,346,203,91,25,1,-1,-1,-1
4005,2,351,203,91,25,1,-1,-1,-1
4006,2,356,202,90,25,1,-1,-1,-1
4007,2,361,202,90,25,1,-1,-1,-1
4008,2,366,202,90,25,1,-1,-1,-1
4009,2,371,202,90,25,1,-1,-1,-1
4010,2,376,202,90,25,1,-1,-1,-1
4011,2,380,201,89,25,1,-1,-1,-1
4012,2,385,201,88,25,1,-1,-1,-1
4013,2,390,201,88,25,1,-1,-1,-1
4014,2,395,200,87,25,1,-1,-1,-1
4015,2,400,200,86,25,1,-1,-1,-1
4016,2,405,200,86,25,1,-1,-1,-1
4017,2,418,200,86,25,1,-1,-1,-1
4018,2,422,199,85,25,1,-1,-1,-1
4019,2,426,199,84,25,1,-1,-1,-1
4020,2,431,199,84,25,1,-1,-1,-1
4021,2,435,199,83,25,1,-1,-1,-1
4022,2,440,198,83,25,1,-1,-1,-1
4023,2,444,198,82,25,1,-1,-1,-1
4024,2,449,198,82,25,1,-1,-1,-1
4025,2,453,198,81,25,1,-1,-1,-1
4026,2,458,197,81,25,1,-1,-1,-1
4027,2,462,197,80,25,1,-1,-1,-1
4028,2,467,197,80,25,1,-1,-1,-1
4029,2,471,197,79,25,1,-1,-1,-1
4030,2,476,197,79,26,1,-1,-1,-1
4031,2,480,196,78,26,1,-1,-1,-1
4032,2,484,196,78,26,1,-1,-1,-1
4033,2,488,196,77,26,1,-1,-1,-1
4034,2,492,195,77,26,1,-1,-1,-1
4035,2,496,195,76,26,1,-1,-1,-1
4036,2,501,195,76,26,1,-1,-1,-1
4037,2,538,194,75,26,1,-1,-1,-1
4038,2,541,193,74,26,1,-1,-1,-1
4039,2,545,193,74,26,1,-1,-1,-1
4040,2,549,193,73,26,1,-1,-1,-1
4041,2,552,193,73,26,1,-1,-1,-1
4042,2,556,193,72,26,1,-1,-1,-1
4043,2,560,193,72,26,1,-1,-1,-1
4044,2,564,193,72,27,1,-1,-1,-1
4045,2,567,193,71,26,1,-1,-1,-1
4046,2,570,192,70,27,1,-1,-1,-1
4047,2,573,192,66,26,1,-1,-1,-1
4048,2,576,192,63,25,1,-1,-1,-1
4049,2,579,192,60,25,1,-1,-1,-1
4050,2,582,192,57,24,1,-1,-1,-1
4051,2,586,193,54,24,1,-1,-1,-1
4052,2,589,193,51,23,1,-1,-1,-1
4053,2,592,193,47,23,1,-1,-1,-1
4054,2,595,193,44,22,1,-1,-1,-1
4055,2,599,194,41,22,1,-1,-1,-1
4056,2,602,194,38,21,1,-1,-1,-1
4057,2,605,194,35,20,1,-1,-1,-1
4058,2,608,194,32,20,1,-1,-1,-1
4059,2,611,194,28,19,1,-1,-1,-1
4060,2,615,195,25,19,1,-1,-1,-1
4061,2,618,195,22,18,1,-1,-1,-1
4062,2,621,195,19,18,1,-1,-1,-1
4063,2,624,195,16,17,1,-1,-1,-1
4064,2,628,196,13,17,1,-1,-1,-1
4065,2,631,196,10,15,1,-1,-1,-1
4066,2,634,197,7,14,1,-1,-1,-1
4067,2,635,200,5,9,1,-1,-1,-1
