1,1,189,273,156,258,1,-1,-1,-1
2,1,197,269,168,253,1,-1,-1,-1
3,1,206,270,186,247,1,-1,-1,-1
4,1,220,269,188,244,1,-1,-1,-1
5,1,230,272,184,239,1,-1,-1,-1
6,1,240,272,179,243,1,-1,-1,-1
7,1,251,269,168,246,1,-1,-1,-1
8,1,261,267,159,247,1,-1,-1,-1
9,1,271,262,149,253,1,-1,-1,-1
10,1,282,261,138,254,1,-1,-1,-1
11,1,293,259,147,255,1,-1,-1,-1
12,1,305,260,165,255,1,-1,-1,-1
13,1,316,263,173,254,1,-1,-1,-1
14,1,330,262,167,253,1,-1,-1,-1
15,1,342,262,160,254,1,-1,-1,-1
16,1,354,257,148,258,1,-1,-1,-1
17,1,365,254,137,261,1,-1,-1,-1
18,1,376,251,126,259,1,-1,-1,-1
19,1,385,250,117,261,1,-1,-1,-1
20,1,395,249,108,267,1,-1,-1,-1
21,1,404,249,111,269,1,-1,-1,-1
22,1,413,252,128,262,1,-1,-1,-1
23,1,426,255,135,260,1,-1,-1,-1
24,1,436,257,133,261,1,-1,-1,-1
25,1,449,258,121,262,1,-1,-1,-1
26,1,462,259,109,263,1,-1,-1,-1
27,1,475,259,97,263,1,-1,-1,-1
28,1,487,255,85,268,1,-1,-1,-1
29,1,496,256,87,268,1,-1,-1,-1
30,1,510,253,85,269,1,-1,-1,-1
31,1,521,252,99,271,1,-1,-1,-1
32,1,530,253,121,272,1,-1,-1,-1
33,1,535,257,128,266,1,-1,-1,-1
34,1,536,257,131,266,1,-1,-1,-1
35,1,543,254,125,270,1,-1,-1,-1
36,1,561,250,107,273,1,-1,-1,-1
37,1,582,249,89,284,1,-1,-1,-1
38,1,602,250,81,286,1,-1,-1,-1
39,1,613,248,98,292,1,-1,-1,-1
40,1,626,248,106,290,1,-1,-1,-1
41,1,626,250,121,286,1,-1,-1,-1
42,1,629,253,128,284,1,-1,-1,-1
43,1,629,254,145,284,1,-1,-1,-1
44,1,635,250,142,289,1,-1,-1,-1
45,1,651,247,139,293,1,-1,-1,-1
46,1,671,247,139,294,1,-1,-1,-1
47,1,689,247,135,295,1,-1,-1,-1
48,1,716,247,123,296,1,-1,-1,-1
49,1,718,244,136,299,1,-1,-1,-1
50,1,717,245,151,298,1,-1,-1,-1
51,1,718,247,163,293,1,-1,-1,-1
52,1,719,244,177,298,1,-1,-1,-1
53,1,722,241,191,300,1,-1,-1,-1
54,1,735,239,191,303,1,-1,-1,-1
55,1,755,234,186,300,1,-1,-1,-1
56,1,775,228,184,308,1,-1,-1,-1
57,1,805,226,166,311,1,-1,-1,-1
58,1,813,226,174,316,1,-1,-1,-1
59,1,811,224,191,315,1,-1,-1,-1
60,1,815,229,202,303,1,-1,-1,-1
61,1,813,227,225,304,1,-1,-1,-1
62,1,818,231,236,301,1,-1,-1,-1
63,1,824,226,253,305,1,-1,-1,-1
64,1,837,221,261,313,1,-1,-1,-1
65,1,859,216,258,317,1,-1,-1,-1
66,1,882,213,251,318,1,-1,-1,-1
67,1,909,210,238,322,1,-1,-1,-1
68,1,917,208,243,323,1,-1,-1,-1
69,1,921,207,248,326,1,-1,-1,-1
70,1,920,211,254,322,1,-1,-1,-1
71,1,921,208,262,326,1,-1,-1,-1
72,1,925,205,265,325,1,-1,-1,-1
73,1,933,200,266,330,1,-1,-1,-1
74,1,948,194,261,335,1,-1,-1,-1
75,1,971,188,249,333,1,-1,-1,-1
76,1,993,185,239,332,1,-1,-1,-1
77,1,998,182,245,331,1,-1,-1,-1
78,1,998,182,255,319,1,-1,-1,-1
79,1,998,181,267,321,1,-1,-1,-1
80,1,1000,182,277,323,1,-1,-1,-1
81,1,1001,181,278,320,1,-1,-1,-1
82,1,1006,180,273,313,1,-1,-1,-1
83,1,1013,182,266,303,1,-1,-1,-1
84,1,1024,183,255,298,1,-1,-1,-1
85,1,1043,189,235,294,1,-1,-1,-1
86,1,1061,193,217,290,1,-1,-1,-1
87,1,1083,217,196,266,1,-1,-1,-1
88,1,1090,218,189,264,1,-1,-1,-1
89,1,1092,220,186,263,1,-1,-1,-1
90,1,1091,219,188,266,1,-1,-1,-1
91,1,1095,218,183,262,1,-1,-1,-1
92,1,1107,215,172,262,1,-1,-1,-1
93,1,1124,208,155,264,1,-1,-1,-1
94,1,1136,207,143,260,1,-1,-1,-1
95,1,1137,203,142,255,1,-1,-1,-1
96,1,1136,205,143,243,1,-1,-1,-1
97,1,1136,204,144,243,1,-1,-1,-1
98,1,1136,203,144,244,1,-1,-1,-1
99,1,1136,208,144,237,1,-1,-1,-1
100,1,1135,213,144,231,1,-1,-1,-1
101,1,1138,213,142,228,1,-1,-1,-1
102,1,1138,213,141,223,1,-1,-1,-1
103,1,1144,227,136,201,1,-1,-1,-1
104,1,1151,230,128,196,1,-1,-1,-1
105,1,1160,228,119,203,1,-1,-1,-1
106,1,1157,227,123,198,1,-1,-1,-1
107,1,1163,228,115,192,1,-1,-1,-1
108,1,1169,226,110,199,1,-1,-1,-1
109,1,1166,223,113,203,1,-1,-1,-1
110,1,1165,209,114,214,1,-1,-1,-1
111,1,1165,203,114,215,1,-1,-1,-1
112,1,1165,198,114,216,1,-1,-1,-1
113,1,1165,193,114,217,1,-1,-1,-1
114,1,1165,188,114,218,1,-1,-1,-1
115,1,1165,183,114,219,1,-1,-1,-1
116,1,1165,177,114,220,1,-1,-1,-1
117,1,1165,172,114,221,1,-1,-1,-1
118,1,1165,167,114,222,1,-1,-1,-1
119,1,1165,162,114,223,1,-1,-1,-1
120,1,1165,157,114,224,1,-1,-1,-1
121,1,1165,158,113,221,1,-1,-1,-1
122,1,1164,157,115,219,1,-1,-1,-1
123,1,1162,151,116,223,1,-1,-1,-1
124,1,1159,146,119,216,1,-1,-1,-1
125,1,1150,143,128,212,1,-1,-1,-1
126,1,1140,141,139,215,1,-1,-1,-1
127,1,1127,140,153,211,1,-1,-1,-1
128,1,1120,139,159,216,1,-1,-1,-1
129,1,1114,138,165,214,1,-1,-1,-1
130,1,1109,110,171,243,1,-1,-1,-1
131,1,1108,104,171,243,1,-1,-1,-1
132,1,1107,97,172,246,1,-1,-1,-1
133,1,1107,92,173,248,1,-1,-1,-1
134,1,1106,88,173,245,1,-1,-1,-1
135,1,1104,84,174,241,1,-1,-1,-1
136,1,1105,86,174,237,1,-1,-1,-1
137,1,1104,87,173,234,1,-1,-1,-1
138,1,1104,89,163,234,1,-1,-1,-1
139,1,1103,88,157,235,1,-1,-1,-1
140,1,1103,89,151,228,1,-1,-1,-1
141,1,1095,88,151,230,1,-1,-1,-1
142,1,1095,85,147,233,1,-1,-1,-1
143,1,1096,83,142,227,1,-1,-1,-1
144,1,1093,81,140,222,1,-1,-1,-1
145,1,1081,79,145,223,1,-1,-1,-1
146,1,1069,80,152,220,1,-1,-1,-1
147,1,1050,81,160,217,1,-1,-1,-1
148,1,1037,83,160,215,1,-1,-1,-1
149,1,1032,84,156,213,1,-1,-1,-1
150,1,1028,83,153,215,1,-1,-1,-1
151,1,1024,83,148,212,1,-1,-1,-1
152,1,1027,83,136,210,1,-1,-1,-1
153,1,1028,80,131,205,1,-1,-1,-1
154,1,1025,81,123,204,1,-1,-1,-1
155,1,1025,80,116,203,1,-1,-1,-1
156,1,1016,81,117,200,1,-1,-1,-1
157,1,1002,84,122,198,1,-1,-1,-1
158,1,999,84,117,196,1,-1,-1,-1
159,1,995,84,113,194,1,-1,-1,-1
160,1,992,85,109,192,1,-1,-1,-1
161,1,991,84,103,186,1,-1,-1,-1
162,1,990,82,95,187,1,-1,-1,-1
163,1,984,82,94,187,1,-1,-1,-1
164,1,971,83,97,185,1,-1,-1,-1
165,1,947,83,113,183,1,-1,-1,-1
166,1,936,88,116,181,1,-1,-1,-1
167,1,933,88,109,178,1,-1,-1,-1
168,1,931,87,104,177,1,-1,-1,-1
169,1,932,84,97,175,1,-1,-1,-1
170,1,931,82,90,174,1,-1,-1,-1
171,1,931,81,87,172,1,-1,-1,-1
172,1,930,81,84,171,1,-1,-1,-1
173,1,921,81,86,172,1,-1,-1,-1
174,1,911,80,87,171,1,-1,-1,-1
175,1,904,82,89,172,1,-1,-1,-1
176,1,899,84,86,171,1,-1,-1,-1
177,1,897,84,82,167,1,-1,-1,-1
178,1,897,83,76,165,1,-1,-1,-1
179,1,897,79,71,165,1,-1,-1,-1
180,1,898,79,66,163,1,-1,-1,-1
181,1,893,79,65,162,1,-1,-1,-1
182,1,877,81,74,159,1,-1,-1,-1
183,1,863,80,83,160,1,-1,-1,-1
184,1,855,84,86,159,1,-1,-1,-1
185,1,854,86,78,154,1,-1,-1,-1
186,1,852,85,74,153,1,-1,-1,-1
187,1,851,83,71,155,1,-1,-1,-1
188,1,852,83,65,153,1,-1,-1,-1
189,1,855,80,57,154,1,-1,-1,-1
190,1,851,81,57,153,1,-1,-1,-1
191,1,847,80,57,155,1,-1,-1,-1
192,1,840,83,60,151,1,-1,-1,-1
193,1,833,84,64,150,1,-1,-1,-1
194,1,830,85,62,149,1,-1,-1,-1
195,1,829,84,60,147,1,-1,-1,-1
196,1,828,81,57,147,1,-1,-1,-1
197,1,828,82,55,145,1,-1,-1,-1
198,1,827,81,52,145,1,-1,-1,-1
199,1,824,82,52,144,1,-1,-1,-1
200,1,814,80,58,144,1,-1,-1,-1
201,1,803,81,65,143,1,-1,-1,-1
202,1,795,82,69,142,1,-1,-1,-1
203,1,791,83,68,142,1,-1,-1,-1
204,1,789,84,64,140,1,-1,-1,-1
205,1,791,85,57,136,1,-1,-1,-1
206,1,789,81,56,138,1,-1,-1,-1
207,1,789,81,52,139,1,-1,-1,-1
208,1,790,81,48,139,1,-1,-1,-1
209,1,787,81,48,137,1,-1,-1,-1
210,1,784,82,47,136,1,-1,-1,-1
211,1,780,82,47,135,1,-1,-1,-1
212,1,776,85,48,134,1,-1,-1,-1
213,1,776,85,44,133,1,-1,-1,-1
214,1,773,85,44,132,1,-1,-1,-1
215,1,772,85,42,129,1,-1,-1,-1
216,1,769,84,43,130,1,-1,-1,-1
217,1,766,83,43,132,1,-1,-1,-1
218,1,764,84,42,128,1,-1,-1,-1
219,1,754,85,50,128,1,-1,-1,-1
220,1,745,88,53,127,1,-1,-1,-1
221,1,743,88,51,125,1,-1,-1,-1
222,1,741,88,49,124,1,-1,-1,-1
223,1,739,88,47,123,1,-1,-1,-1
224,1,737,89,45,122,1,-1,-1,-1
225,1,741,88,40,121,1,-1,-1,-1
226,1,738,89,42,120,1,-1,-1,-1
227,1,736,90,38,119,1,-1,-1,-1
228,1,732,90,39,118,1,-1,-1,-1
229,1,728,90,38,117,1,-1,-1,-1
230,1,727,91,37,116,1,-1,-1,-1
231,1,725,90,36,115,1,-1,-1,-1
232,1,723,90,36,115,1,-1,-1,-1
233,1,720,90,36,114,1,-1,-1,-1
234,1,717,89,35,114,1,-1,-1,-1
235,1,714,89,35,114,1,-1,-1,-1
236,1,707,89,39,113,1,-1,-1,-1
237,1,701,89,43,113,1,-1,-1,-1
238,1,699,89,40,112,1,-1,-1,-1
239,1,700,88,37,112,1,-1,-1,-1
240,1,699,88,36,112,1,-1,-1,-1
241,1,700,87,31,109,1,-1,-1,-1
242,1,696,86,34,110,1,-1,-1,-1
243,1,693,86,34,110,1,-1,-1,-1
244,1,690,86,34,109,1,-1,-1,-1
245,1,687,86,33,109,1,-1,-1,-1
246,1,685,87,33,108,1,-1,-1,-1
247,1,682,85,32,107,1,-1,-1,-1
248,1,679,87,32,107,1,-1,-1,-1
249,1,678,85,31,106,1,-1,-1,-1
250,1,676,85,31,106,1,-1,-1,-1
251,1,673,85,30,105,1,-1,-1,-1
252,1,670,85,30,105,1,-1,-1,-1
253,1,667,85,29,104,1,-1,-1,-1
254,1,661,85,31,104,1,-1,-1,-1
255,1,654,87,35,102,1,-1,-1,-1
256,1,653,87,37,102,1,-1,-1,-1
257,1,651,87,37,101,1,-1,-1,-1
258,1,652,87,34,101,1,-1,-1,-1
259,1,649,87,30,101,1,-1,-1,-1
260,1,647,86,27,102,1,-1,-1,-1
261,1,643,86,27,101,1,-1,-1,-1
262,1,640,86,27,101,1,-1,-1,-1
263,1,637,87,27,100,1,-1,-1,-1
264,1,634,88,30,98,1,-1,-1,-1
265,1,631,89,32,97,1,-1,-1,-1
266,1,628,88,32,98,1,-1,-1,-1
267,1,627,88,27,96,1,-1,-1,-1
268,1,622,87,26,95,1,-1,-1,-1
269,1,619,86,27,97,1,-1,-1,-1
270,1,616,87,27,97,1,-1,-1,-1
271,1,612,87,27,96,1,-1,-1,-1
272,1,605,89,34,95,1,-1,-1,-1
273,1,602,89,38,95,1,-1,-1,-1
274,1,602,90,37,93,1,-1,-1,-1
275,1,601,89,35,93,1,-1,-1,-1
276,1,597,89,34,94,1,-1,-1,-1
277,1,595,89,29,92,1,-1,-1,-1
278,1,591,90,26,92,1,-1,-1,-1
279,1,585,90,30,91,1,-1,-1,-1
280,1,582,91,34,91,1,-1,-1,-1
281,1,579,91,34,90,1,-1,-1,-1
282,1,578,91,32,90,1,-1,-1,-1
283,1,576,91,34,90,1,-1,-1,-1
284,1,575,91,30,89,1,-1,-1,-1
285,1,572,91,27,89,1,-1,-1,-1
286,1,569,91,22,89,1,-1,-1,-1
287,1,566,91,24,88,1,-1,-1,-1
288,1,563,91,27,88,1,-1,-1,-1
289,1,555,91,35,88,1,-1,-1,-1
290,1,552,92,40,88,1,-1,-1,-1
291,1,551,92,39,87,1,-1,-1,-1
292,1,548,92,38,87,1,-1,-1,-1
293,1,545,92,32,87,1,-1,-1,-1
294,1,542,92,32,87,1,-1,-1,-1
295,1,540,92,27,87,1,-1,-1,-1
296,1,537,92,29,87,1,-1,-1,-1
297,1,533,92,33,87,1,-1,-1,-1
298,1,531,92,33,87,1,-1,-1,-1
299,1,530,92,33,87,1,-1,-1,-1
300,1,528,92,33,87,1,-1,-1,-1
301,1,526,92,33,86,1,-1,-1,-1
302,1,523,92,33,86,1,-1,-1,-1
303,1,521,92,29,85,1,-1,-1,-1
304,1,519,92,30,85,1,-1,-1,-1
305,1,517,92,30,85,1,-1,-1,-1
306,1,514,92,35,84,1,-1,-1,-1
307,1,513,92,34,84,1,-1,-1,-1
308,1,510,93,36,83,1,-1,-1,-1
309,1,507,92,39,83,1,-1,-1,-1
310,1,505,93,37,83,1,-1,-1,-1
311,1,503,93,36,82,1,-1,-1,-1
312,1,501,92,30,82,1,-1,-1,-1
313,1,499,92,30,82,1,-1,-1,-1
314,1,497,92,32,82,1,-1,-1,-1
315,1,496,92,33,82,1,-1,-1,-1
316,1,494,92,32,82,1,-1,-1,-1
317,1,492,92,32,82,1,-1,-1,-1
318,1,491,92,31,82,1,-1,-1,-1
319,1,489,92,30,82,1,-1,-1,-1
320,1,487,92,30,82,1,-1,-1,-1
321,1,486,91,28,81,1,-1,-1,-1
322,1,484,91,30,81,1,-1,-1,-1
323,1,482,91,30,81,1,-1,-1,-1
324,1,481,91,30,81,1,-1,-1,-1
325,1,480,91,33,81,1,-1,-1,-1
326,1,477,92,36,80,1,-1,-1,-1
327,1,474,93,38,78,1,-1,-1,-1
328,1,472,93,37,79,1,-1,-1,-1
329,1,470,90,30,80,1,-1,-1,-1
330,1,469,90,31,80,1,-1,-1,-1
331,1,467,90,30,79,1,-1,-1,-1
332,1,466,90,30,79,1,-1,-1,-1
333,1,465,91,30,78,1,-1,-1,-1
334,1,463,91,31,78,1,-1,-1,-1
335,1,462,91,30,78,1,-1,-1,-1
336,1,460,91,33,77,1,-1,-1,-1
337,1,459,91,28,77,1,-1,-1,-1
338,1,457,91,27,76,1,-1,-1,-1
339,1,456,91,27,76,1,-1,-1,-1
340,1,455,92,28,76,1,-1,-1,-1
341,1,454,92,28,75,1,-1,-1,-1
342,1,452,92,28,76,1,-1,-1,-1
343,1,451,95,28,53,1,-1,-1,-1
344,1,449,95,24,71,1,-1,-1,-1
345,1,447,92,28,75,1,-1,-1,-1
346,1,446,92,25,75,1,-1,-1,-1
347,1,445,91,28,75,1,-1,-1,-1
348,1,444,91,28,75,1,-1,-1,-1
349,1,443,91,28,75,1,-1,-1,-1
350,1,442,91,29,75,1,-1,-1,-1
351,1,440,91,29,74,1,-1,-1,-1
352,1,439,91,29,74,1,-1,-1,-1
353,1,438,92,30,74,1,-1,-1,-1
354,1,436,91,30,73,1,-1,-1,-1
355,1,435,92,28,73,1,-1,-1,-1
356,1,433,92,27,73,1,-1,-1,-1
357,1,432,92,28,72,1,-1,-1,-1
358,1,431,92,30,72,1,-1,-1,-1
359,1,430,92,31,72,1,-1,-1,-1
360,1,428,93,33,72,1,-1,-1,-1
361,1,427,92,33,72,1,-1,-1,-1
362,1,425,92,33,72,1,-1,-1,-1
363,1,423,92,34,71,1,-1,-1,-1
364,1,422,92,32,71,1,-1,-1,-1
365,1,421,92,29,70,1,-1,-1,-1
366,1,420,92,26,71,1,-1,-1,-1
367,1,418,92,29,70,1,-1,-1,-1
368,1,417,92,30,70,1,-1,-1,-1
369,1,416,92,31,71,1,-1,-1,-1
370,1,415,92,31,72,1,-1,-1,-1
371,1,413,92,31,71,1,-1,-1,-1
372,1,411,92,29,71,1,-1,-1,-1
373,1,410,92,27,70,1,-1,-1,-1
374,1,408,92,29,70,1,-1,-1,-1
376,1,407,93,31,69,1,-1,-1,-1
377,1,405,93,32,69,1,-1,-1,-1
378,1,404,93,35,68,1,-1,-1,-1
379,1,402,93,35,69,1,-1,-1,-1
380,1,400,94,36,68,1,-1,-1,-1
381,1,399,93,32,68,1,-1,-1,-1
382,1,397,93,32,68,1,-1,-1,-1
383,1,396,93,28,68,1,-1,-1,-1
384,1,395,92,27,68,1,-1,-1,-1
385,1,394,92,27,68,1,-1,-1,-1
386,1,392,92,29,68,1,-1,-1,-1
387,1,392,93,29,68,1,-1,-1,-1
388,1,391,93,29,67,1,-1,-1,-1
389,1,389,92,27,66,1,-1,-1,-1
390,1,388,92,27,67,1,-1,-1,-1
391,1,387,92,28,68,1,-1,-1,-1
392,1,386,93,29,66,1,-1,-1,-1
393,1,384,93,31,66,1,-1,-1,-1
394,1,383,93,31,65,1,-1,-1,-1
395,1,382,93,32,65,1,-1,-1,-1
396,1,380,94,34,65,1,-1,-1,-1
397,1,378,93,34,65,1,-1,-1,-1
398,1,375,92,34,66,1,-1,-1,-1
399,1,374,92,32,66,1,-1,-1,-1
400,1,372,92,30,66,1,-1,-1,-1
401,1,372,92,28,66,1,-1,-1,-1
402,1,371,93,30,65,1,-1,-1,-1
403,1,370,93,31,65,1,-1,-1,-1
404,1,370,94,30,64,1,-1,-1,-1
405,1,368,94,30,64,1,-1,-1,-1
406,1,367,94,30,63,1,-1,-1,-1
407,1,365,93,30,63,1,-1,-1,-1
408,1,364,93,28,62,1,-1,-1,-1
409,1,363,93,28,64,1,-1,-1,-1
410,1,361,94,30,62,1,-1,-1,-1
411,1,361,95,30,62,1,-1,-1,-1
412,1,360,95,31,62,1,-1,-1,-1
413,1,359,95,32,61,1,-1,-1,-1
414,1,356,95,35,61,1,-1,-1,-1
415,1,354,95,36,61,1,-1,-1,-1
416,1,353,94,33,62,1,-1,-1,-1
417,1,351,94,32,61,1,-1,-1,-1
418,1,351,94,27,62,1,-1,-1,-1
419,1,349,94,28,60,1,-1,-1,-1
420,1,348,95,29,60,1,-1,-1,-1
421,1,346,95,32,60,1,-1,-1,-1
422,1,345,95,30,60,1,-1,-1,-1
423,1,344,95,30,61,1,-1,-1,-1
424,1,342,95,29,60,1,-1,-1,-1
425,1,341,94,28,60,1,-1,-1,-1
426,1,339,94,29,60,1,-1,-1,-1
427,1,338,94,30,60,1,-1,-1,-1
428,1,337,94,30,60,1,-1,-1,-1
429,1,335,94,32,60,1,-1,-1,-1
430,1,334,94,33,60,1,-1,-1,-1
431,1,332,95,35,60,1,-1,-1,-1
432,1,331,94,35,60,1,-1,-1,-1
433,1,329,94,36,60,1,-1,-1,-1
434,1,328,94,32,60,1,-1,-1,-1
435,1,327,94,31,60,1,-1,-1,-1
436,1,326,94,29,60,1,-1,-1,-1
437,1,325,94,29,60,1,-1,-1,-1
438,1,324,94,30,60,1,-1,-1,-1
439,1,323,94,30,60,1,-1,-1,-1
440,1,323,94,31,60,1,-1,-1,-1
441,1,321,94,31,59,1,-1,-1,-1
442,1,320,94,29,59,1,-1,-1,-1
443,1,319,94,29,59,1,-1,-1,-1
444,1,318,93,30,59,1,-1,-1,-1
445,1,318,94,29,59,1,-1,-1,-1
446,1,317,94,30,59,1,-1,-1,-1
447,1,316,94,32,59,1,-1,-1,-1
448,1,313,94,35,59,1,-1,-1,-1
449,1,312,94,35,59,1,-1,-1,-1
450,1,310,94,36,59,1,-1,-1,-1
451,1,308,93,35,59,1,-1,-1,-1
452,1,307,93,34,59,1,-1,-1,-1
453,1,306,93,33,59,1,-1,-1,-1
454,1,305,93,32,59,1,-1,-1,-1
455,1,304,93,31,59,1,-1,-1,-1
456,1,303,93,30,59,1,-1,-1,-1
457,1,302,94,31,58,1,-1,-1,-1
458,1,301,95,31,57,1,-1,-1,-1
459,1,300,93,29,58,1,-1,-1,-1
460,1,299,93,28,59,1,-1,-1,-1
461,1,297,93,28,58,1,-1,-1,-1
462,1,296,94,29,58,1,-1,-1,-1
463,1,295,94,30,58,1,-1,-1,-1
464,1,293,94,32,58,1,-1,-1,-1
465,1,291,95,35,57,1,-1,-1,-1
466,1,290,96,35,55,1,-1,-1,-1
467,1,288,96,37,55,1,-1,-1,-1
468,1,286,94,37,57,1,-1,-1,-1
469,1,285,95,35,57,1,-1,-1,-1
470,1,283,94,33,57,1,-1,-1,-1
471,1,282,94,33,57,1,-1,-1,-1
472,1,281,95,33,57,1,-1,-1,-1
473,1,279,95,34,56,1,-1,-1,-1
474,1,279,96,33,55,1,-1,-1,-1
475,1,278,96,33,55,1,-1,-1,-1
476,1,277,96,32,55,1,-1,-1,-1
477,1,275,96,31,54,1,-1,-1,-1
478,1,274,94,31,56,1,-1,-1,-1
479,1,272,94,31,57,1,-1,-1,-1
480,1,270,94,35,58,1,-1,-1,-1
481,1,269,95,34,57,1,-1,-1,-1
482,1,269,96,34,56,1,-1,-1,-1
483,1,266,97,38,57,1,-1,-1,-1
484,1,264,97,38,56,1,-1,-1,-1
485,1,263,99,37,54,1,-1,-1,-1
486,1,261,97,34,56,1,-1,-1,-1
487,1,259,98,33,55,1,-1,-1,-1
488,1,258,97,32,55,1,-1,-1,-1
489,1,256,97,34,55,1,-1,-1,-1
490,1,255,98,34,55,1,-1,-1,-1
491,1,253,98,34,55,1,-1,-1,-1
492,1,251,98,35,55,1,-1,-1,-1
493,1,249,99,35,55,1,-1,-1,-1
494,1,247,99,33,55,1,-1,-1,-1
495,1,246,99,31,55,1,-1,-1,-1
496,1,244,99,33,55,1,-1,-1,-1
497,1,242,99,35,55,1,-1,-1,-1
498,1,241,99,37,55,1,-1,-1,-1
499,1,239,99,38,55,1,-1,-1,-1
500,1,238,101,40,55,1,-1,-1,-1
501,1,236,101,39,54,1,-1,-1,-1
502,1,233,101,39,54,1,-1,-1,-1
503,1,232,101,38,54,1,-1,-1,-1
504,1,230,101,36,54,1,-1,-1,-1
505,1,230,102,34,54,1,-1,-1,-1
506,1,228,102,35,53,1,-1,-1,-1
507,1,226,102,37,53,1,-1,-1,-1
508,1,225,102,36,53,1,-1,-1,-1
509,1,223,102,35,53,1,-1,-1,-1
510,1,222,103,35,53,1,-1,-1,-1
511,1,220,101,33,55,1,-1,-1,-1
512,1,221,100,30,55,1,-1,-1,-1
513,1,220,101,32,56,1,-1,-1,-1
1,2,515,91,37,89,1,-1,-1,-1
2,2,513,91,36,88,1,-1,-1,-1
3,2,511,91,31,88,1,-1,-1,-1
4,2,509,91,30,88,1,-1,-1,-1
5,2,507,91,30,88,1,-1,-1,-1
6,2,505,91,31,87,1,-1,-1,-1
7,2,503,91,33,87,1,-1,-1,-1
8,2,501,91,32,87,1,-1,-1,-1
9,2,499,91,31,87,1,-1,-1,-1
11,2,498,90,27,86,1,-1,-1,-1
12,2,496,90,26,86,1,-1,-1,-1
13,2,495,90,27,86,1,-1,-1,-1
14,2,493,90,29,85,1,-1,-1,-1
15,2,491,90,30,85,1,-1,-1,-1
16,2,490,90,31,85,1,-1,-1,-1
17,2,488,92,33,84,1,-1,-1,-1
18,2,486,92,33,84,1,-1,-1,-1
19,2,484,92,32,83,1,-1,-1,-1
20,2,481,90,32,84,1,-1,-1,-1
21,2,479,90,31,83,1,-1,-1,-1
22,2,478,90,27,83,1,-1,-1,-1
23,2,476,90,29,83,1,-1,-1,-1
24,2,475,90,29,82,1,-1,-1,-1
25,2,473,90,30,82,1,-1,-1,-1
26,2,472,90,29,82,1,-1,-1,-1
27,2,470,90,29,81,1,-1,-1,-1
28,2,469,90,28,81,1,-1,-1,-1
29,2,468,90,26,81,1,-1,-1,-1
30,2,467,90,26,81,1,-1,-1,-1
31,2,465,89,26,81,1,-1,-1,-1
32,2,463,89,26,81,1,-1,-1,-1
33,2,462,90,29,81,1,-1,-1,-1
34,2,461,91,30,81,1,-1,-1,-1
35,2,460,91,31,81,1,-1,-1,-1
36,2,457,92,32,79,1,-1,-1,-1
37,2,456,90,31,80,1,-1,-1,-1
38,2,455,90,30,80,1,-1,-1,-1
39,2,453,88,27,82,1,-1,-1,-1
40,2,451,87,30,83,1,-1,-1,-1
41,2,449,87,29,82,1,-1,-1,-1
42,2,448,87,29,82,1,-1,-1,-1
43,2,449,88,29,82,1,-1,-1,-1
44,2,447,88,29,81,1,-1,-1,-1
45,2,446,88,29,81,1,-1,-1,-1
46,2,445,88,28,81,1,-1,-1,-1
47,2,444,88,27,80,1,-1,-1,-1
48,2,443,89,27,80,1,-1,-1,-1
49,2,442,89,27,80,1,-1,-1,-1
50,2,440,88,29,80,1,-1,-1,-1
51,2,439,88,29,79,1,-1,-1,-1
52,2,439,91,31,78,1,-1,-1,-1
53,2,438,91,30,76,1,-1,-1,-1
54,2,435,88,35,80,1,-1,-1,-1
55,2,434,89,30,78,1,-1,-1,-1
56,2,433,89,29,77,1,-1,-1,-1
57,2,432,89,29,76,1,-1,-1,-1
58,2,431,89,29,76,1,-1,-1,-1
59,2,430,89,29,75,1,-1,-1,-1
60,2,429,90,30,75,1,-1,-1,-1
61,2,427,90,30,75,1,-1,-1,-1
62,2,426,90,31,77,1,-1,-1,-1
63,2,426,90,30,75,1,-1,-1,-1
64,2,424,90,29,75,1,-1,-1,-1
65,2,423,90,28,75,1,-1,-1,-1
66,2,422,90,27,75,1,-1,-1,-1
67,2,421,90,28,75,1,-1,-1,-1
68,2,420,90,29,75,1,-1,-1,-1
69,2,419,90,30,75,1,-1,-1,-1
70,2,418,90,30,75,1,-1,-1,-1
71,2,418,90,31,74,1,-1,-1,-1
72,2,416,90,31,74,1,-1,-1,-1
73,2,416,90,29,74,1,-1,-1,-1
74,2,414,89,29,76,1,-1,-1,-1
75,2,414,89,28,74,1,-1,-1,-1
76,2,413,88,28,74,1,-1,-1,-1
77,2,412,88,27,74,1,-1,-1,-1
78,2,411,88,27,74,1,-1,-1,-1
79,2,410,88,27,74,1,-1,-1,-1
80,2,410,88,27,74,1,-1,-1,-1
81,2,409,88,29,75,1,-1,-1,-1
82,2,408,88,27,72,1,-1,-1,-1
83,2,407,88,27,74,1,-1,-1,-1
84,2,406,88,28,73,1,-1,-1,-1
85,2,405,89,28,70,1,-1,-1,-1
86,2,404,89,28,72,1,-1,-1,-1
87,2,405,89,29,71,1,-1,-1,-1
88,2,403,90,30,70,1,-1,-1,-1
89,2,403,89,30,70,1,-1,-1,-1
90,2,401,90,30,67,1,-1,-1,-1
91,2,401,91,29,67,1,-1,-1,-1
92,2,400,89,29,69,1,-1,-1,-1
93,2,399,88,27,69,1,-1,-1,-1
94,2,398,89,26,68,1,-1,-1,-1
95,2,398,88,26,70,1,-1,-1,-1
96,2,397,88,27,70,1,-1,-1,-1
97,2,397,89,27,68,1,-1,-1,-1
98,2,396,89,26,68,1,-1,-1,-1
99,2,395,87,26,70,1,-1,-1,-1
100,2,394,86,26,69,1,-1,-1,-1
101,2,393,86,26,68,1,-1,-1,-1
102,2,393,87,26,68,1,-1,-1,-1
103,2,392,87,26,68,1,-1,-1,-1
104,2,393,88,26,68,1,-1,-1,-1
106,2,391,88,27,67,1,-1,-1,-1
107,2,391,89,27,66,1,-1,-1,-1
108,2,389,87,28,67,1,-1,-1,-1
109,2,387,87,28,67,1,-1,-1,-1
110,2,387,87,26,67,1,-1,-1,-1
111,2,386,87,26,66,1,-1,-1,-1
112,2,385,87,28,67,1,-1,-1,-1
113,2,386,88,26,66,1,-1,-1,-1
114,2,385,87,26,66,1,-1,-1,-1
116,2,384,87,26,65,1,-1,-1,-1
117,2,382,87,26,65,1,-1,-1,-1
119,2,382,87,25,66,1,-1,-1,-1
120,2,381,87,27,65,1,-1,-1,-1
121,2,380,87,27,64,1,-1,-1,-1
123,2,379,87,27,63,1,-1,-1,-1
124,2,378,87,28,63,1,-1,-1,-1
125,2,378,88,27,62,1,-1,-1,-1
126,2,376,88,28,62,1,-1,-1,-1
127,2,375,88,28,61,1,-1,-1,-1
128,2,374,88,27,60,1,-1,-1,-1
129,2,373,88,27,62,1,-1,-1,-1
130,2,373,89,27,60,1,-1,-1,-1
131,2,371,89,27,60,1,-1,-1,-1
132,2,371,89,28,60,1,-1,-1,-1
133,2,370,89,26,60,1,-1,-1,-1
134,2,368,88,27,60,1,-1,-1,-1
135,2,367,88,28,60,1,-1,-1,-1
136,2,366,88,28,60,1,-1,-1,-1
137,2,366,89,29,60,1,-1,-1,-1
138,2,364,89,31,60,1,-1,-1,-1
139,2,362,89,33,60,1,-1,-1,-1
140,2,360,89,33,61,1,-1,-1,-1
141,2,359,89,32,60,1,-1,-1,-1
142,2,357,88,28,60,1,-1,-1,-1
143,2,355,88,27,60,1,-1,-1,-1
144,2,353,88,28,60,1,-1,-1,-1
145,2,352,88,29,60,1,-1,-1,-1
146,2,350,87,31,60,1,-1,-1,-1
147,2,348,88,32,61,1,-1,-1,-1
148,2,347,87,31,61,1,-1,-1,-1
149,2,345,87,31,61,1,-1,-1,-1
150,2,344,87,28,61,1,-1,-1,-1
151,2,342,87,28,60,1,-1,-1,-1
152,2,341,87,29,60,1,-1,-1,-1
153,2,339,88,30,60,1,-1,-1,-1
154,2,338,89,31,59,1,-1,-1,-1
155,2,337,88,32,59,1,-1,-1,-1
156,2,336,90,34,58,1,-1,-1,-1
157,2,334,88,35,62,1,-1,-1,-1
158,2,332,88,33,60,1,-1,-1,-1
159,2,331,89,32,58,1,-1,-1,-1
160,2,330,89,29,58,1,-1,-1,-1
161,2,328,89,29,58,1,-1,-1,-1
162,2,327,89,29,58,1,-1,-1,-1
163,2,326,89,29,58,1,-1,-1,-1
164,2,324,89,31,58,1,-1,-1,-1
165,2,323,89,32,59,1,-1,-1,-1
166,2,322,89,31,59,1,-1,-1,-1
167,2,320,89,29,58,1,-1,-1,-1
168,2,319,89,29,58,1,-1,-1,-1
169,2,318,89,29,58,1,-1,-1,-1
170,2,317,89,29,59,1,-1,-1,-1
171,2,315,89,30,60,1,-1,-1,-1
172,2,314,89,32,59,1,-1,-1,-1
173,2,312,90,34,57,1,-1,-1,-1
174,2,310,90,35,57,1,-1,-1,-1
175,2,309,90,33,57,1,-1,-1,-1
176,2,308,90,31,59,1,-1,-1,-1
177,2,308,89,29,59,1,-1,-1,-1
178,2,307,89,28,59,1,-1,-1,-1
179,2,305,89,29,59,1,-1,-1,-1
180,2,305,90,28,57,1,-1,-1,-1
181,2,304,91,28,56,1,-1,-1,-1
182,2,302,92,30,56,1,-1,-1,-1
183,2,302,92,28,56,1,-1,-1,-1
184,2,301,92,28,56,1,-1,-1,-1
185,2,299,92,26,56,1,-1,-1,-1
186,2,299,92,26,55,1,-1,-1,-1
187,2,297,92,27,56,1,-1,-1,-1
188,2,296,92,28,55,1,-1,-1,-1
189,2,295,92,29,55,1,-1,-1,-1
190,2,294,93,30,55,1,-1,-1,-1
191,2,293,93,29,54,1,-1,-1,-1
192,2,292,93,30,54,1,-1,-1,-1
193,2,291,93,29,54,1,-1,-1,-1
194,2,290,93,29,54,1,-1,-1,-1
195,2,289,93,29,54,1,-1,-1,-1
196,2,288,93,28,54,1,-1,-1,-1
197,2,287,93,28,54,1,-1,-1,-1
198,2,286,93,28,54,1,-1,-1,-1
199,2,286,93,28,54,1,-1,-1,-1
200,2,286,93,28,54,1,-1,-1,-1
201,2,284,93,28,53,1,-1,-1,-1
202,2,283,93,29,53,1,-1,-1,-1
203,2,282,93,29,53,1,-1,-1,-1
204,2,283,93,27,53,1,-1,-1,-1
205,2,282,93,29,53,1,-1,-1,-1
206,2,281,93,29,52,1,-1,-1,-1
207,2,280,93,30,52,1,-1,-1,-1
208,2,280,94,31,52,1,-1,-1,-1
209,2,279,94,31,52,1,-1,-1,-1
210,2,275,93,34,52,1,-1,-1,-1
211,2,276,93,31,52,1,-1,-1,-1
212,2,276,93,29,52,1,-1,-1,-1
213,2,275,94,27,52,1,-1,-1,-1
214,2,274,95,28,51,1,-1,-1,-1
215,2,273,94,29,52,1,-1,-1,-1
217,2,272,94,29,51,1,-1,-1,-1
218,2,271,93,28,52,1,-1,-1,-1
219,2,270,92,27,52,1,-1,-1,-1
220,2,271,92,25,52,1,-1,-1,-1
221,2,270,92,25,52,1,-1,-1,-1
223,2,268,92,28,52,1,-1,-1,-1
224,2,267,92,29,52,1,-1,-1,-1
225,2,266,92,30,52,1,-1,-1,-1
226,2,265,92,31,52,1,-1,-1,-1
227,2,264,92,31,52,1,-1,-1,-1
228,2,263,92,30,52,1,-1,-1,-1
229,2,262,92,30,52,1,-1,-1,-1
230,2,262,93,28,52,1,-1,-1,-1
231,2,261,93,27,51,1,-1,-1,-1
232,2,260,93,29,51,1,-1,-1,-1
233,2,259,93,30,51,1,-1,-1,-1
234,2,259,93,28,51,1,-1,-1,-1
235,2,258,94,30,51,1,-1,-1,-1
236,2,257,94,29,50,1,-1,-1,-1
237,2,257,94,26,50,1,-1,-1,-1
238,2,259,94,25,50,1,-1,-1,-1
239,2,257,94,26,50,1,-1,-1,-1
240,2,255,95,27,50,1,-1,-1,-1
241,2,254,95,29,49,1,-1,-1,-1
242,2,256,95,27,49,1,-1,-1,-1
243,2,254,95,29,49,1,-1,-1,-1
244,2,253,96,30,48,1,-1,-1,-1
245,2,251,96,31,48,1,-1,-1,-1
246,2,250,96,30,48,1,-1,-1,-1
247,2,249,96,28,47,1,-1,-1,-1
248,2,248,96,28,47,1,-1,-1,-1
249,2,247,96,28,47,1,-1,-1,-1
250,2,247,97,29,47,1,-1,-1,-1
251,2,246,97,29,47,1,-1,-1,-1
252,2,245,96,29,47,1,-1,-1,-1
253,2,244,96,29,47,1,-1,-1,-1
254,2,243,96,27,48,1,-1,-1,-1
255,2,242,96,27,48,1,-1,-1,-1
256,2,242,95,29,48,1,-1,-1,-1
257,2,242,95,27,49,1,-1,-1,-1
259,2,241,95,28,49,1,-1,-1,-1
260,2,239,95,30,50,1,-1,-1,-1
261,2,238,95,30,49,1,-1,-1,-1
262,2,237,95,30,49,1,-1,-1,-1
263,2,236,95,28,49,1,-1,-1,-1
264,2,235,95,27,49,1,-1,-1,-1
265,2,234,95,27,49,1,-1,-1,-1
266,2,233,95,28,48,1,-1,-1,-1
267,2,232,95,28,48,1,-1,-1,-1
269,2,230,96,28,48,1,-1,-1,-1
270,2,229,96,28,48,1,-1,-1,-1
271,2,228,96,28,48,1,-1,-1,-1
272,2,227,96,28,48,1,-1,-1,-1
273,2,226,96,28,48,1,-1,-1,-1
274,2,225,96,28,48,1,-1,-1,-1
275,2,224,96,30,48,1,-1,-1,-1
276,2,223,96,31,48,1,-1,-1,-1
277,2,222,96,32,49,1,-1,-1,-1
278,2,222,98,31,47,1,-1,-1,-1
279,2,221,97,29,47,1,-1,-1,-1
280,2,219,97,29,47,1,-1,-1,-1
281,2,218,97,28,47,1,-1,-1,-1
282,2,217,97,28,47,1,-1,-1,-1
283,2,216,98,27,47,1,-1,-1,-1
284,2,216,99,27,45,1,-1,-1,-1
285,2,215,100,27,45,1,-1,-1,-1
286,2,214,98,27,46,1,-1,-1,-1
287,2,214,98,26,47,1,-1,-1,-1
288,2,213,98,25,47,1,-1,-1,-1
289,2,212,98,25,46,1,-1,-1,-1
290,2,213,98,25,47,1,-1,-1,-1
291,2,212,98,25,46,1,-1,-1,-1
292,2,211,98,26,47,1,-1,-1,-1
293,2,210,98,28,46,1,-1,-1,-1
294,2,209,98,28,46,1,-1,-1,-1
295,2,208,99,29,46,1,-1,-1,-1
296,2,207,99,29,45,1,-1,-1,-1
297,2,206,99,28,45,1,-1,-1,-1
298,2,205,99,28,45,1,-1,-1,-1
299,2,204,99,26,45,1,-1,-1,-1
300,2,204,100,27,45,1,-1,-1,-1
301,2,203,100,27,44,1,-1,-1,-1
302,2,202,100,27,44,1,-1,-1,-1
304,2,201,100,27,44,1,-1,-1,-1
306,2,200,100,27,44,1,-1,-1,-1
307,2,199,100,27,44,1,-1,-1,-1
309,2,198,100,27,44,1,-1,-1,-1
310,2,198,101,28,44,1,-1,-1,-1
311,2,197,100,28,44,1,-1,-1,-1
312,2,197,101,29,44,1,-1,-1,-1
313,2,196,101,30,43,1,-1,-1,-1
314,2,195,101,30,43,1,-1,-1,-1
315,2,194,100,29,44,1,-1,-1,-1
316,2,194,100,28,44,1,-1,-1,-1
317,2,193,100,28,44,1,-1,-1,-1
319,2,192,100,28,44,1,-1,-1,-1
320,2,192,101,28,43,1,-1,-1,-1
321,2,191,101,28,43,1,-1,-1,-1
322,2,190,101,28,43,1,-1,-1,-1
323,2,189,101,28,43,1,-1,-1,-1
325,2,188,101,29,43,1,-1,-1,-1
326,2,187,101,29,43,1,-1,-1,-1
328,2,186,101,29,43,1,-1,-1,-1
329,2,185,101,29,43,1,-1,-1,-1
330,2,185,101,30,44,1,-1,-1,-1
331,2,184,101,29,44,1,-1,-1,-1
332,2,183,101,28,44,1,-1,-1,-1
333,2,182,101,26,44,1,-1,-1,-1
334,2,180,101,27,44,1,-1,-1,-1
335,2,179,101,28,44,1,-1,-1,-1
336,2,178,101,27,44,1,-1,-1,-1
337,2,178,101,27,44,1,-1,-1,-1
338,2,178,102,26,43,1,-1,-1,-1
339,2,175,102,28,43,1,-1,-1,-1
340,2,175,101,26,44,1,-1,-1,-1
341,2,174,101,25,42,1,-1,-1,-1
342,2,173,102,27,42,1,-1,-1,-1
343,2,173,102,28,43,1,-1,-1,-1
344,2,171,103,29,43,1,-1,-1,-1
345,2,170,104,31,42,1,-1,-1,-1
346,2,169,104,31,44,1,-1,-1,-1
347,2,168,105,30,41,1,-1,-1,-1
348,2,167,105,29,41,1,-1,-1,-1
349,2,166,106,28,40,1,-1,-1,-1
350,2,165,107,27,40,1,-1,-1,-1
351,2,165,107,26,39,1,-1,-1,-1
352,2,164,107,26,41,1,-1,-1,-1
353,2,164,106,28,42,1,-1,-1,-1
354,2,163,106,29,40,1,-1,-1,-1
355,2,161,105,28,41,1,-1,-1,-1
356,2,161,105,25,41,1,-1,-1,-1
357,2,158,104,22,33,1,-1,-1,-1
358,2,157,103,21,32,1,-1,-1,-1
359,2,156,103,20,31,1,-1,-1,-1
360,2,156,103,20,31,1,-1,-1,-1
361,2,155,103,20,30,1,-1,-1,-1
362,2,154,104,20,29,1,-1,-1,-1
363,2,153,105,20,28,1,-1,-1,-1
364,2,152,105,20,28,1,-1,-1,-1
365,2,152,105,21,27,1,-1,-1,-1
366,2,151,105,21,26,1,-1,-1,-1
367,2,150,105,21,26,1,-1,-1,-1
368,2,149,106,21,25,1,-1,-1,-1
369,2,148,106,21,24,1,-1,-1,-1
370,2,148,107,22,24,1,-1,-1,-1
371,2,147,107,21,24,1,-1,-1,-1
372,2,146,107,21,24,1,-1,-1,-1
373,2,146,107,20,24,1,-1,-1,-1
374,2,145,107,20,24,1,-1,-1,-1
376,2,144,107,19,24,1,-1,-1,-1
377,2,143,107,19,24,1,-1,-1,-1
378,2,143,107,18,24,1,-1,-1,-1
379,2,142,107,18,24,1,-1,-1,-1
380,2,142,108,18,24,1,-1,-1,-1
381,2,141,108,18,23,1,-1,-1,-1
382,2,140,108,18,23,1,-1,-1,-1
383,2,139,108,18,23,1,-1,-1,-1
385,2,138,109,19,23,1,-1,-1,-1
386,2,137,109,19,23,1,-1,-1,-1
388,2,136,109,19,23,1,-1,-1,-1
389,2,135,109,19,23,1,-1,-1,-1
390,2,135,110,20,23,1,-1,-1,-1
391,2,134,109,19,22,1,-1,-1,-1
392,2,133,109,19,22,1,-1,-1,-1
393,2,132,109,19,22,1,-1,-1,-1
394,2,131,109,19,22,1,-1,-1,-1
396,2,130,109,19,22,1,-1,-1,-1
397,2,129,109,19,22,1,-1,-1,-1
398,2,128,109,19,22,1,-1,-1,-1
399,2,127,109,19,22,1,-1,-1,-1
400,2,127,109,19,22,1,-1,-1,-1
401,2,126,109,18,22,1,-1,-1,-1
402,2,125,109,18,22,1,-1,-1,-1
403,2,124,109,18,22,1,-1,-1,-1
405,2,123,109,18,22,1,-1,-1,-1
406,2,122,109,17,22,1,-1,-1,-1
408,2,121,109,17,22,1,-1,-1,-1
409,2,120,109,17,22,1,-1,-1,-1
410,2,120,110,17,22,1,-1,-1,-1
411,2,119,109,17,22,1,-1,-1,-1
412,2,118,109,17,22,1,-1,-1,-1
413,2,117,109,17,22,1,-1,-1,-1
415,2,116,109,18,23,1,-1,-1,-1
416,2,115,108,18,23,1,-1,-1,-1
418,2,114,108,18,23,1,-1,-1,-1
419,2,113,108,18,23,1,-1,-1,-1
420,2,113,108,19,24,1,-1,-1,-1
421,2,112,108,19,23,1,-1,-1,-1
422,2,111,108,19,23,1,-1,-1,-1
424,2,110,108,19,23,1,-1,-1,-1
426,2,109,108,19,22,1,-1,-1,-1
427,2,108,108,19,22,1,-1,-1,-1
429,2,107,108,19,22,1,-1,-1,-1
430,2,107,108,19,22,1,-1,-1,-1
431,2,105,111,20,19,1,-1,-1,-1
432,2,106,111,19,20,1,-1,-1,-1
433,2,106,111,16,18,1,-1,-1,-1
434,2,106,110,18,20,1,-1,-1,-1
435,2,105,111,17,18,1,-1,-1,-1
436,2,108,112,14,16,1,-1,-1,-1
437,2,105,111,15,18,1,-1,-1,-1
438,2,106,111,14,18,1,-1,-1,-1
292,3,0,246,17,23,1,-1,-1,-1
293,3,0,239,31,29,1,-1,-1,-1
294,3,7,241,36,27,1,-1,-1,-1
295,3,22,240,182,165,1,-1,-1,-1
296,3,42,235,171,174,1,-1,-1,-1
297,3,48,230,163,177,1,-1,-1,-1
298,3,61,228,152,182,1,-1,-1,-1
299,3,67,226,142,181,1,-1,-1,-1
300,3,84,222,130,192,1,-1,-1,-1
301,3,94,219,152,187,1,-1,-1,-1
302,3,102,219,164,184,1,-1,-1,-1
303,3,119,223,158,181,1,-1,-1,-1
304,3,130,220,156,170,1,-1,-1,-1
305,3,147,219,138,169,1,-1,-1,-1
306,3,154,212,133,176,1,-1,-1,-1
307,3,160,207,129,182,1,-1,-1,-1
308,3,169,205,121,183,1,-1,-1,-1
309,3,180,203,109,186,1,-1,-1,-1
310,3,191,201,123,188,1,-1,-1,-1
311,3,202,204,128,182,1,-1,-1,-1
312,3,215,203,122,162,1,-1,-1,-1
313,3,226,202,121,163,1,-1,-1,-1
314,3,235,195,112,171,1,-1,-1,-1
315,3,242,194,108,172,1,-1,-1,-1
316,3,250,189,100,176,1,-1,-1,-1
317,3,256,186,93,182,1,-1,-1,-1
318,3,265,184,102,181,1,-1,-1,-1
319,3,275,185,113,180,1,-1,-1,-1
320,3,285,189,112,156,1,-1,-1,-1
321,3,293,187,109,157,1,-1,-1,-1
322,3,305,185,101,158,1,-1,-1,-1
323,3,315,182,91,161,1,-1,-1,-1
324,3,323,179,84,165,1,-1,-1,-1
325,3,327,174,81,170,1,-1,-1,-1
326,3,334,172,73,171,1,-1,-1,-1
327,3,341,171,75,167,1,-1,-1,-1
328,3,348,172,84,152,1,-1,-1,-1
329,3,359,173,84,150,1,-1,-1,-1
330,3,365,173,84,168,1,-1,-1,-1
331,3,372,171,77,165,1,-1,-1,-1
332,3,379,166,72,157,1,-1,-1,-1
333,3,384,161,53,137,1,-1,-1,-1
334,3,390,158,54,144,1,-1,-1,-1
335,3,396,159,66,163,1,-1,-1,-1
336,3,405,159,75,158,1,-1,-1,-1
337,3,412,161,81,151,1,-1,-1,-1
338,3,420,162,79,146,1,-1,-1,-1
339,3,431,161,73,147,1,-1,-1,-1
340,3,439,160,66,147,1,-1,-1,-1
341,3,444,155,61,151,1,-1,-1,-1
342,3,449,152,59,153,1,-1,-1,-1
343,3,454,148,27,34,1,-1,-1,-1
344,3,462,148,25,30,1,-1,-1,-1
345,3,467,148,27,30,1,-1,-1,-1
346,3,477,149,61,136,1,-1,-1,-1
347,3,484,149,59,136,1,-1,-1,-1
348,3,488,147,26,48,1,-1,-1,-1
349,3,489,146,32,54,1,-1,-1,-1
350,3,497,142,29,57,1,-1,-1,-1
351,3,502,140,29,56,1,-1,-1,-1
352,3,507,139,30,55,1,-1,-1,-1
353,3,513,138,31,54,1,-1,-1,-1
354,3,518,137,60,153,1,-1,-1,-1
355,3,523,139,63,152,1,-1,-1,-1
356,3,527,139,61,147,1,-1,-1,-1
357,3,531,139,59,148,1,-1,-1,-1
358,3,545,134,32,49,1,-1,-1,-1
359,3,550,131,31,48,1,-1,-1,-1
360,3,557,130,29,48,1,-1,-1,-1
361,3,562,129,41,67,1,-1,-1,-1
362,3,567,128,47,59,1,-1,-1,-1
363,3,572,127,44,59,1,-1,-1,-1
364,3,577,126,41,58,1,-1,-1,-1
365,3,584,128,35,60,1,-1,-1,-1
366,3,588,128,35,49,1,-1,-1,-1
367,3,592,124,36,50,1,-1,-1,-1
368,3,597,122,35,50,1,-1,-1,-1
369,3,602,121,35,50,1,-1,-1,-1
370,3,607,120,35,51,1,-1,-1,-1
371,3,613,119,45,139,1,-1,-1,-1
372,3,615,120,56,140,1,-1,-1,-1
373,3,616,122,63,140,1,-1,-1,-1
374,3,615,122,63,137,1,-1,-1,-1
375,3,621,119,57,139,1,-1,-1,-1
376,3,654,117,26,136,1,-1,-1,-1
377,3,657,115,29,139,1,-1,-1,-1
378,3,662,113,28,140,1,-1,-1,-1
379,3,666,111,29,107,1,-1,-1,-1
380,3,671,110,31,137,1,-1,-1,-1
381,3,676,111,32,133,1,-1,-1,-1
382,3,680,112,35,130,1,-1,-1,-1
383,3,685,112,35,132,1,-1,-1,-1
384,3,690,108,34,137,1,-1,-1,-1
385,3,696,106,33,138,1,-1,-1,-1
386,3,701,103,34,139,1,-1,-1,-1
387,3,706,101,33,141,1,-1,-1,-1
388,3,710,100,34,140,1,-1,-1,-1
389,3,709,101,44,137,1,-1,-1,-1
390,3,719,100,46,137,1,-1,-1,-1
391,3,722,100,46,136,1,-1,-1,-1
392,3,725,100,44,136,1,-1,-1,-1
393,3,727,97,48,139,1,-1,-1,-1
394,3,731,96,51,140,1,-1,-1,-1
395,3,733,93,53,144,1,-1,-1,-1
396,3,743,91,50,143,1,-1,-1,-1
397,3,748,90,51,145,1,-1,-1,-1
398,3,748,91,57,144,1,-1,-1,-1
399,3,758,91,53,145,1,-1,-1,-1
400,3,759,90,59,146,1,-1,-1,-1
401,3,762,89,62,146,1,-1,-1,-1
402,3,768,87,63,146,1,-1,-1,-1
403,3,772,85,65,146,1,-1,-1,-1
404,3,781,81,60,147,1,-1,-1,-1
405,3,791,80,56,152,1,-1,-1,-1
406,3,792,79,60,151,1,-1,-1,-1
407,3,791,81,66,148,1,-1,-1,-1
408,3,791,82,72,145,1,-1,-1,-1
409,3,793,81,77,147,1,-1,-1,-1
410,3,797,80,79,148,1,-1,-1,-1
411,3,807,78,76,149,1,-1,-1,-1
412,3,820,77,69,150,1,-1,-1,-1
413,3,833,75,63,153,1,-1,-1,-1
414,3,841,74,62,154,1,-1,-1,-1
415,3,841,74,70,153,1,-1,-1,-1
416,3,843,73,75,154,1,-1,-1,-1
417,3,842,75,82,155,1,-1,-1,-1
418,3,841,74,92,156,1,-1,-1,-1
419,3,847,73,94,157,1,-1,-1,-1
420,3,854,72,93,156,1,-1,-1,-1
421,3,864,70,90,156,1,-1,-1,-1
422,3,879,70,81,157,1,-1,-1,-1
423,3,890,67,77,162,1,-1,-1,-1
424,3,891,68,83,163,1,-1,-1,-1
425,3,891,67,89,162,1,-1,-1,-1
426,3,891,68,98,160,1,-1,-1,-1
427,3,892,69,104,159,1,-1,-1,-1
428,3,895,69,109,160,1,-1,-1,-1
429,3,903,68,111,161,1,-1,-1,-1
430,3,916,65,106,164,1,-1,-1,-1
431,3,928,64,100,164,1,-1,-1,-1
432,3,941,63,95,165,1,-1,-1,-1
433,3,947,61,92,167,1,-1,-1,-1
434,3,945,61,100,169,1,-1,-1,-1
435,3,949,62,101,166,1,-1,-1,-1
436,3,946,62,106,167,1,-1,-1,-1
437,3,947,63,110,167,1,-1,-1,-1
438,3,953,62,110,169,1,-1,-1,-1
439,3,966,62,103,168,1,-1,-1,-1
440,3,980,59,94,170,1,-1,-1,-1
441,3,992,58,90,170,1,-1,-1,-1
442,3,994,58,91,171,1,-1,-1,-1
443,3,995,57,98,172,1,-1,-1,-1
444,3,996,57,102,173,1,-1,-1,-1
445,3,995,57,110,172,1,-1,-1,-1
446,3,997,59,113,173,1,-1,-1,-1
447,3,999,60,118,172,1,-1,-1,-1
448,3,1001,57,122,175,1,-1,-1,-1
449,3,1013,55,118,177,1,-1,-1,-1
450,3,1031,55,108,177,1,-1,-1,-1
451,3,1046,54,98,180,1,-1,-1,-1
452,3,1043,53,109,182,1,-1,-1,-1
453,3,1048,52,113,181,1,-1,-1,-1
454,3,1045,51,122,182,1,-1,-1,-1
455,3,1047,55,124,180,1,-1,-1,-1
456,3,1051,54,128,180,1,-1,-1,-1
457,3,1061,50,125,186,1,-1,-1,-1
458,3,1086,47,112,188,1,-1,-1,-1
459,3,1089,46,117,189,1,-1,-1,-1
460,3,1088,46,127,191,1,-1,-1,-1
461,3,1087,48,133,186,1,-1,-1,-1
462,3,1089,47,135,186,1,-1,-1,-1
463,3,1094,47,135,186,1,-1,-1,-1
464,3,1104,47,128,186,1,-1,-1,-1
465,3,1116,47,124,186,1,-1,-1,-1
466,3,1130,45,116,189,1,-1,-1,-1
467,3,1131,42,121,194,1,-1,-1,-1
468,3,1131,41,129,196,1,-1,-1,-1
469,3,1131,39,136,197,1,-1,-1,-1
470,3,1132,39,142,195,1,-1,-1,-1
471,3,1132,40,146,192,1,-1,-1,-1
472,3,1132,41,146,193,1,-1,-1,-1
473,3,1131,51,147,182,1,-1,-1,-1
474,3,1129,66,150,167,1,-1,-1,-1
475,3,1134,66,144,168,1,-1,-1,-1
476,3,1141,70,138,167,1,-1,-1,-1
477,3,1150,71,129,165,1,-1,-1,-1
478,3,1159,80,120,159,1,-1,-1,-1
479,3,1174,84,106,158,1,-1,-1,-1
480,3,1188,92,91,151,1,-1,-1,-1
481,3,1192,98,87,145,1,-1,-1,-1
482,3,1193,106,86,138,1,-1,-1,-1
483,3,1194,114,85,138,1,-1,-1,-1
484,3,1204,125,75,128,1,-1,-1,-1
485,3,1217,136,63,118,1,-1,-1,-1
486,3,1232,157,48,97,1,-1,-1,-1
487,3,1230,171,49,82,1,-1,-1,-1
488,3,1229,178,50,74,1,-1,-1,-1
489,3,1230,181,50,73,1,-1,-1,-1
490,3,1230,191,50,62,1,-1,-1,-1
491,3,1229,197,51,57,1,-1,-1,-1
492,3,1231,207,49,46,1,-1,-1,-1
493,3,1233,215,48,38,1,-1,-1,-1
494,3,1252,223,28,32,1,-1,-1,-1
302,4,33,244,42,21,1,-1,-1,-1
303,4,52,243,41,38,1,-1,-1,-1
304,4,66,248,174,178,1,-1,-1,-1
305,4,79,244,174,175,1,-1,-1,-1
306,4,95,245,168,174,1,-1,-1,-1
307,4,106,242,159,176,1,-1,-1,-1
308,4,119,238,147,180,1,-1,-1,-1
309,4,125,233,140,185,1,-1,-1,-1
310,4,131,230,135,189,1,-1,-1,-1
311,4,142,224,138,190,1,-1,-1,-1
312,4,154,224,151,178,1,-1,-1,-1
313,4,168,225,151,172,1,-1,-1,-1
314,4,183,225,144,170,1,-1,-1,-1
315,4,196,222,135,168,1,-1,-1,-1
316,4,207,218,127,179,1,-1,-1,-1
317,4,214,217,121,188,1,-1,-1,-1
318,4,222,210,112,189,1,-1,-1,-1
319,4,233,208,108,183,1,-1,-1,-1
320,4,245,206,119,192,1,-1,-1,-1
321,4,252,207,129,188,1,-1,-1,-1
322,4,269,206,121,187,1,-1,-1,-1
323,4,278,207,118,182,1,-1,-1,-1
324,4,285,206,91,178,1,-1,-1,-1
325,4,298,201,80,175,1,-1,-1,-1
326,4,303,196,81,179,1,-1,-1,-1
327,4,311,192,30,32,1,-1,-1,-1
328,4,322,192,27,30,1,-1,-1,-1
329,4,332,192,96,181,1,-1,-1,-1
330,4,339,192,96,182,1,-1,-1,-1
331,4,350,192,35,178,1,-1,-1,-1
332,4,360,189,75,177,1,-1,-1,-1
333,4,365,186,76,170,1,-1,-1,-1
334,4,372,183,71,169,1,-1,-1,-1
335,4,378,178,64,173,1,-1,-1,-1
336,4,385,176,51,171,1,-1,-1,-1
337,4,393,176,86,173,1,-1,-1,-1
338,4,402,179,88,172,1,-1,-1,-1
339,4,411,174,82,176,1,-1,-1,-1
340,4,418,176,27,172,1,-1,-1,-1
341,4,424,174,28,171,1,-1,-1,-1
342,4,430,172,41,164,1,-1,-1,-1
343,4,436,170,47,157,1,-1,-1,-1
344,4,442,169,48,167,1,-1,-1,-1
345,4,449,167,47,166,1,-1,-1,-1
346,4,455,165,64,169,1,-1,-1,-1
347,4,461,164,69,169,1,-1,-1,-1
348,4,467,162,64,170,1,-1,-1,-1
349,4,473,160,58,168,1,-1,-1,-1
350,4,480,159,43,166,1,-1,-1,-1
351,4,485,157,42,165,1,-1,-1,-1
352,4,490,156,42,164,1,-1,-1,-1
353,4,496,154,51,163,1,-1,-1,-1
354,4,501,153,50,162,1,-1,-1,-1
355,4,507,154,46,161,1,-1,-1,-1
356,4,514,153,43,160,1,-1,-1,-1
357,4,516,152,43,159,1,-1,-1,-1
358,4,522,151,46,158,1,-1,-1,-1
359,4,532,147,40,157,1,-1,-1,-1
360,4,534,144,40,157,1,-1,-1,-1
361,4,540,143,37,157,1,-1,-1,-1
362,4,544,144,41,156,1,-1,-1,-1
363,4,549,144,41,156,1,-1,-1,-1
364,4,553,143,52,156,1,-1,-1,-1
365,4,555,143,50,156,1,-1,-1,-1
366,4,563,141,43,156,1,-1,-1,-1
367,4,569,139,33,156,1,-1,-1,-1
368,4,574,134,34,152,1,-1,-1,-1
369,4,579,134,37,156,1,-1,-1,-1
370,4,584,133,41,156,1,-1,-1,-1
371,4,588,132,40,155,1,-1,-1,-1
372,4,589,133,41,153,1,-1,-1,-1
373,4,591,133,43,151,1,-1,-1,-1
374,4,593,131,43,154,1,-1,-1,-1
375,4,598,129,41,153,1,-1,-1,-1
376,4,609,127,35,153,1,-1,-1,-1
377,4,619,126,28,151,1,-1,-1,-1
378,4,624,125,27,152,1,-1,-1,-1
379,4,624,124,30,151,1,-1,-1,-1
380,4,625,124,35,151,1,-1,-1,-1
381,4,628,123,36,150,1,-1,-1,-1
382,4,631,122,37,150,1,-1,-1,-1
383,4,637,121,36,149,1,-1,-1,-1
384,4,644,120,33,149,1,-1,-1,-1
385,4,652,120,27,148,1,-1,-1,-1
386,4,655,118,28,145,1,-1,-1,-1
387,4,655,117,31,147,1,-1,-1,-1
388,4,656,117,35,147,1,-1,-1,-1
389,4,654,116,44,146,1,-1,-1,-1
390,4,655,116,45,146,1,-1,-1,-1
391,4,658,115,45,146,1,-1,-1,-1
392,4,662,114,45,146,1,-1,-1,-1
393,4,671,113,39,144,1,-1,-1,-1
394,4,681,112,32,146,1,-1,-1,-1
395,4,687,112,30,143,1,-1,-1,-1
396,4,685,110,37,146,1,-1,-1,-1
397,4,686,110,38,146,1,-1,-1,-1
398,4,686,109,42,146,1,-1,-1,-1
399,4,688,108,45,146,1,-1,-1,-1
400,4,692,108,46,146,1,-1,-1,-1
401,4,696,107,43,145,1,-1,-1,-1
402,4,703,106,39,144,1,-1,-1,-1
403,4,709,105,36,144,1,-1,-1,-1
404,4,712,103,37,143,1,-1,-1,-1
405,4,711,104,40,143,1,-1,-1,-1
406,4,710,103,45,142,1,-1,-1,-1
407,4,713,103,45,141,1,-1,-1,-1
408,4,713,103,47,138,1,-1,-1,-1
409,4,716,101,47,141,1,-1,-1,-1
410,4,722,101,45,140,1,-1,-1,-1
411,4,727,100,43,140,1,-1,-1,-1
412,4,732,99,40,141,1,-1,-1,-1
413,4,738,99,38,142,1,-1,-1,-1
414,4,738,98,41,142,1,-1,-1,-1
415,4,739,99,42,140,1,-1,-1,-1
416,4,738,98,46,144,1,-1,-1,-1
417,4,738,97,51,144,1,-1,-1,-1
418,4,740,96,52,145,1,-1,-1,-1
419,4,741,96,53,144,1,-1,-1,-1
420,4,744,95,54,145,1,-1,-1,-1
421,4,749,94,49,143,1,-1,-1,-1
422,4,757,94,44,144,1,-1,-1,-1
423,4,761,93,41,144,1,-1,-1,-1
424,4,761,94,45,145,1,-1,-1,-1
425,4,761,93,48,146,1,-1,-1,-1
426,4,762,94,49,146,1,-1,-1,-1
427,4,765,94,48,146,1,-1,-1,-1
428,4,770,94,44,146,1,-1,-1,-1
429,4,774,93,42,146,1,-1,-1,-1
430,4,773,91,46,147,1,-1,-1,-1
431,4,774,91,47,148,1,-1,-1,-1
432,4,774,92,50,148,1,-1,-1,-1
433,4,775,92,53,149,1,-1,-1,-1
434,4,776,93,55,145,1,-1,-1,-1
435,4,776,92,60,149,1,-1,-1,-1
436,4,778,93,61,148,1,-1,-1,-1
437,4,781,90,59,150,1,-1,-1,-1
438,4,784,89,59,152,1,-1,-1,-1
439,4,787,89,57,153,1,-1,-1,-1
440,4,788,89,59,154,1,-1,-1,-1
441,4,788,89,57,154,1,-1,-1,-1
442,4,791,89,56,154,1,-1,-1,-1
443,4,791,90,55,154,1,-1,-1,-1
444,4,790,92,54,154,1,-1,-1,-1
445,4,789,92,53,154,1,-1,-1,-1
446,4,789,92,51,154,1,-1,-1,-1
447,4,791,94,50,154,1,-1,-1,-1
448,4,791,95,49,154,1,-1,-1,-1
449,4,790,94,48,154,1,-1,-1,-1
450,4,790,94,47,154,1,-1,-1,-1
451,4,787,96,49,157,1,-1,-1,-1
452,4,786,96,51,159,1,-1,-1,-1
453,4,787,98,53,156,1,-1,-1,-1
454,4,787,99,54,156,1,-1,-1,-1
455,4,784,99,55,157,1,-1,-1,-1
456,4,782,98,59,158,1,-1,-1,-1
457,4,775,100,63,158,1,-1,-1,-1
458,4,770,101,66,160,1,-1,-1,-1
459,4,767,102,68,160,1,-1,-1,-1
460,4,765,104,67,161,1,-1,-1,-1
461,4,764,105,65,161,1,-1,-1,-1
462,4,763,106,63,161,1,-1,-1,-1
463,4,762,107,59,159,1,-1,-1,-1
464,4,762,108,56,158,1,-1,-1,-1
465,4,763,106,52,159,1,-1,-1,-1
466,4,764,107,49,163,1,-1,-1,-1
467,4,762,109,49,164,1,-1,-1,-1
468,4,763,112,46,164,1,-1,-1,-1
469,4,761,113,48,164,1,-1,-1,-1
470,4,758,114,50,165,1,-1,-1,-1
471,4,754,114,54,165,1,-1,-1,-1
472,4,748,115,58,166,1,-1,-1,-1
473,4,742,112,61,167,1,-1,-1,-1
474,4,737,112,63,172,1,-1,-1,-1
475,4,732,116,65,168,1,-1,-1,-1
476,4,729,119,64,169,1,-1,-1,-1
477,4,730,120,58,168,1,-1,-1,-1
478,4,727,121,56,170,1,-1,-1,-1
479,4,726,125,53,167,1,-1,-1,-1
480,4,727,123,49,170,1,-1,-1,-1
481,4,727,122,43,171,1,-1,-1,-1
482,4,725,123,44,174,1,-1,-1,-1
483,4,720,124,44,176,1,-1,-1,-1
484,4,716,128,47,174,1,-1,-1,-1
485,4,712,130,48,177,1,-1,-1,-1
486,4,708,132,48,176,1,-1,-1,-1
487,4,705,131,48,177,1,-1,-1,-1
488,4,692,130,58,182,1,-1,-1,-1
489,4,679,127,65,179,1,-1,-1,-1
490,4,674,128,67,181,1,-1,-1,-1
491,4,669,132,66,181,1,-1,-1,-1
492,4,663,137,65,182,1,-1,-1,-1
493,4,658,140,67,180,1,-1,-1,-1
494,4,656,141,67,182,1,-1,-1,-1
495,4,654,140,62,184,1,-1,-1,-1
496,4,650,141,53,185,1,-1,-1,-1
497,4,648,140,48,185,1,-1,-1,-1
498,4,645,141,46,194,1,-1,-1,-1
499,4,639,145,45,191,1,-1,-1,-1
500,4,626,148,58,188,1,-1,-1,-1
501,4,623,155,59,188,1,-1,-1,-1
502,4,619,156,57,188,1,-1,-1,-1
503,4,614,157,52,188,1,-1,-1,-1
504,4,604,155,50,189,1,-1,-1,-1
505,4,598,155,50,189,1,-1,-1,-1
506,4,590,157,51,188,1,-1,-1,-1
507,4,573,162,70,188,1,-1,-1,-1
508,4,563,166,79,189,1,-1,-1,-1
509,4,563,168,75,190,1,-1,-1,-1
510,4,560,171,73,189,1,-1,-1,-1
511,4,557,172,69,188,1,-1,-1,-1
512,4,549,172,64,189,1,-1,-1,-1
513,4,541,171,54,194,1,-1,-1,-1
306,5,69,258,192,180,1,-1,-1,-1
307,5,72,257,195,181,1,-1,-1,-1
308,5,84,253,190,188,1,-1,-1,-1
309,5,100,249,174,190,1,-1,-1,-1
310,5,111,243,165,197,1,-1,-1,-1
311,5,126,240,150,203,1,-1,-1,-1
312,5,139,238,146,201,1,-1,-1,-1
313,5,152,236,165,201,1,-1,-1,-1
314,5,167,235,171,201,1,-1,-1,-1
315,5,183,234,164,201,1,-1,-1,-1
316,5,199,232,155,202,1,-1,-1,-1
317,5,210,232,146,198,1,-1,-1,-1
318,5,222,227,131,192,1,-1,-1,-1
319,5,231,223,125,187,1,-1,-1,-1
320,5,239,220,115,192,1,-1,-1,-1
321,5,249,216,111,196,1,-1,-1,-1
322,5,259,214,125,199,1,-1,-1,-1
323,5,271,214,126,196,1,-1,-1,-1
324,5,280,212,124,194,1,-1,-1,-1
325,5,289,210,122,198,1,-1,-1,-1
326,5,298,208,114,195,1,-1,-1,-1
327,5,308,206,104,189,1,-1,-1,-1
328,5,317,204,95,188,1,-1,-1,-1
329,5,326,202,101,186,1,-1,-1,-1
330,5,336,200,115,185,1,-1,-1,-1
331,5,351,200,116,185,1,-1,-1,-1
332,5,361,201,111,185,1,-1,-1,-1
333,5,370,198,104,185,1,-1,-1,-1
334,5,380,193,94,185,1,-1,-1,-1
335,5,388,191,86,181,1,-1,-1,-1
336,5,395,189,79,181,1,-1,-1,-1
337,5,403,186,72,185,1,-1,-1,-1
338,5,411,188,76,182,1,-1,-1,-1
339,5,416,186,89,185,1,-1,-1,-1
340,5,425,185,87,185,1,-1,-1,-1
341,5,432,183,88,183,1,-1,-1,-1
342,5,440,181,79,182,1,-1,-1,-1
343,5,449,179,70,181,1,-1,-1,-1
344,5,455,177,65,171,1,-1,-1,-1
345,5,465,174,60,173,1,-1,-1,-1
346,5,472,174,74,172,1,-1,-1,-1
347,5,483,172,79,176,1,-1,-1,-1
348,5,488,171,83,175,1,-1,-1,-1
349,5,493,170,81,174,1,-1,-1,-1
350,5,500,167,73,173,1,-1,-1,-1
351,5,505,165,70,170,1,-1,-1,-1
352,5,511,163,62,169,1,-1,-1,-1
353,5,516,159,58,171,1,-1,-1,-1
354,5,522,160,57,171,1,-1,-1,-1
355,5,528,159,56,170,1,-1,-1,-1
356,5,533,157,62,173,1,-1,-1,-1
357,5,539,155,61,174,1,-1,-1,-1
358,5,544,154,57,172,1,-1,-1,-1
359,5,550,152,51,173,1,-1,-1,-1
360,5,556,151,49,168,1,-1,-1,-1
361,5,560,149,51,165,1,-1,-1,-1
362,5,565,148,51,167,1,-1,-1,-1
363,5,569,146,54,166,1,-1,-1,-1
364,5,574,145,61,166,1,-1,-1,-1
365,5,581,144,64,165,1,-1,-1,-1
366,5,585,145,60,165,1,-1,-1,-1
367,5,586,145,59,164,1,-1,-1,-1
368,5,588,141,59,164,1,-1,-1,-1
369,5,595,137,52,163,1,-1,-1,-1
370,5,601,136,43,163,1,-1,-1,-1
371,5,612,135,42,162,1,-1,-1,-1
372,5,613,134,48,162,1,-1,-1,-1
373,5,616,134,51,162,1,-1,-1,-1
374,5,619,135,51,159,1,-1,-1,-1
375,5,622,134,52,161,1,-1,-1,-1
376,5,627,133,51,161,1,-1,-1,-1
377,5,633,130,39,160,1,-1,-1,-1
378,5,637,125,45,160,1,-1,-1,-1
379,5,642,127,44,157,1,-1,-1,-1
380,5,647,126,38,158,1,-1,-1,-1
381,5,651,125,38,157,1,-1,-1,-1
382,5,655,124,49,157,1,-1,-1,-1
383,5,654,125,58,157,1,-1,-1,-1
384,5,655,125,55,157,1,-1,-1,-1
385,5,655,124,55,157,1,-1,-1,-1
386,5,661,123,50,153,1,-1,-1,-1
387,5,668,121,46,153,1,-1,-1,-1
388,5,679,119,45,155,1,-1,-1,-1
389,5,686,117,47,157,1,-1,-1,-1
390,5,690,116,48,157,1,-1,-1,-1
391,5,693,115,50,156,1,-1,-1,-1
392,5,693,118,55,154,1,-1,-1,-1
393,5,693,118,57,153,1,-1,-1,-1
394,5,696,116,56,154,1,-1,-1,-1
395,5,701,114,51,154,1,-1,-1,-1
396,5,706,112,46,153,1,-1,-1,-1
397,5,714,111,40,152,1,-1,-1,-1
398,5,722,110,36,152,1,-1,-1,-1
399,5,720,110,61,151,1,-1,-1,-1
400,5,720,109,71,151,1,-1,-1,-1
401,5,723,108,74,151,1,-1,-1,-1
402,5,722,107,82,151,1,-1,-1,-1
403,5,726,106,79,151,1,-1,-1,-1
404,5,729,106,78,149,1,-1,-1,-1
405,5,738,105,69,151,1,-1,-1,-1
406,5,748,104,56,151,1,-1,-1,-1
407,5,758,104,43,151,1,-1,-1,-1
408,5,758,103,52,151,1,-1,-1,-1
409,5,758,102,60,151,1,-1,-1,-1
410,5,757,102,67,152,1,-1,-1,-1
411,5,760,101,66,151,1,-1,-1,-1
412,5,764,100,63,150,1,-1,-1,-1
413,5,771,99,55,149,1,-1,-1,-1
414,5,780,97,48,149,1,-1,-1,-1
415,5,787,96,43,151,1,-1,-1,-1
416,5,788,95,46,151,1,-1,-1,-1
417,5,789,96,49,148,1,-1,-1,-1
418,5,788,96,55,147,1,-1,-1,-1
419,5,789,96,58,145,1,-1,-1,-1
420,5,793,96,58,145,1,-1,-1,-1
421,5,795,95,59,145,1,-1,-1,-1
422,5,800,94,60,145,1,-1,-1,-1
423,5,808,91,59,148,1,-1,-1,-1
424,5,816,90,52,148,1,-1,-1,-1
425,5,822,90,52,148,1,-1,-1,-1
426,5,822,90,55,149,1,-1,-1,-1
427,5,821,89,61,150,1,-1,-1,-1
428,5,824,91,62,144,1,-1,-1,-1
429,5,824,89,66,147,1,-1,-1,-1
430,5,831,86,63,148,1,-1,-1,-1
431,5,839,85,59,144,1,-1,-1,-1
432,5,846,82,55,147,1,-1,-1,-1
433,5,849,81,56,147,1,-1,-1,-1
434,5,850,82,59,146,1,-1,-1,-1
435,5,851,81,64,146,1,-1,-1,-1
436,5,852,82,68,145,1,-1,-1,-1
437,5,853,81,74,145,1,-1,-1,-1
438,5,856,80,76,141,1,-1,-1,-1
439,5,863,77,76,144,1,-1,-1,-1
440,5,873,76,73,144,1,-1,-1,-1
441,5,884,75,67,144,1,-1,-1,-1
442,5,890,75,65,144,1,-1,-1,-1
443,5,889,74,72,144,1,-1,-1,-1
444,5,893,74,72,144,1,-1,-1,-1
445,5,892,74,77,145,1,-1,-1,-1
446,5,895,74,77,142,1,-1,-1,-1
447,5,899,71,80,145,1,-1,-1,-1
448,5,906,70,77,145,1,-1,-1,-1
449,5,914,67,72,145,1,-1,-1,-1
450,5,919,66,72,146,1,-1,-1,-1
451,5,922,66,73,145,1,-1,-1,-1
452,5,921,66,76,145,1,-1,-1,-1
453,5,922,67,81,143,1,-1,-1,-1
454,5,922,68,88,140,1,-1,-1,-1
455,5,928,68,84,141,1,-1,-1,-1
456,5,937,67,77,140,1,-1,-1,-1
457,5,946,66,73,140,1,-1,-1,-1
458,5,953,64,73,142,1,-1,-1,-1
459,5,953,62,78,144,1,-1,-1,-1
460,5,953,62,86,144,1,-1,-1,-1
461,5,956,62,87,143,1,-1,-1,-1
462,5,956,62,91,142,1,-1,-1,-1
463,5,959,61,92,145,1,-1,-1,-1
464,5,969,60,87,142,1,-1,-1,-1
465,5,978,60,82,140,1,-1,-1,-1
466,5,986,60,79,139,1,-1,-1,-1
467,5,986,58,81,141,1,-1,-1,-1
468,5,986,59,88,138,1,-1,-1,-1
469,5,987,59,91,137,1,-1,-1,-1
470,5,989,59,93,139,1,-1,-1,-1
471,5,990,60,96,136,1,-1,-1,-1
472,5,998,60,93,133,1,-1,-1,-1
473,5,1006,57,90,137,1,-1,-1,-1
474,5,1018,55,87,138,1,-1,-1,-1
475,5,1028,53,81,139,1,-1,-1,-1
476,5,1031,51,85,139,1,-1,-1,-1
477,5,1028,52,91,139,1,-1,-1,-1
478,5,1031,51,91,139,1,-1,-1,-1
479,5,1036,52,91,138,1,-1,-1,-1
480,5,1043,51,90,139,1,-1,-1,-1
481,5,1052,50,84,135,1,-1,-1,-1
482,5,1061,49,79,135,1,-1,-1,-1
483,5,1060,48,85,136,1,-1,-1,-1
484,5,1060,47,91,136,1,-1,-1,-1
485,5,1063,46,92,138,1,-1,-1,-1
486,5,1060,47,99,136,1,-1,-1,-1
487,5,1063,47,101,135,1,-1,-1,-1
488,5,1069,46,100,134,1,-1,-1,-1
489,5,1078,44,95,137,1,-1,-1,-1
490,5,1087,41,93,137,1,-1,-1,-1
491,5,1095,40,87,137,1,-1,-1,-1
492,5,1099,40,88,137,1,-1,-1,-1
493,5,1097,40,94,139,1,-1,-1,-1
494,5,1099,41,95,137,1,-1,-1,-1
495,5,1103,40,93,136,1,-1,-1,-1
496,5,1109,40,88,134,1,-1,-1,-1
497,5,1117,38,84,131,1,-1,-1,-1
498,5,1118,36,87,135,1,-1,-1,-1
499,5,1119,36,90,134,1,-1,-1,-1
500,5,1119,35,95,134,1,-1,-1,-1
501,5,1118,37,97,132,1,-1,-1,-1
502,5,1119,37,103,131,1,-1,-1,-1
503,5,1121,37,105,130,1,-1,-1,-1
504,5,1126,36,105,129,1,-1,-1,-1
505,5,1136,34,102,131,1,-1,-1,-1
506,5,1146,33,95,133,1,-1,-1,-1
507,5,1157,32,88,134,1,-1,-1,-1
508,5,1159,32,90,131,1,-1,-1,-1
509,5,1159,32,94,132,1,-1,-1,-1
510,5,1161,34,94,129,1,-1,-1,-1
511,5,1164,31,97,130,1,-1,-1,-1
512,5,1169,30,93,131,1,-1,-1,-1
513,5,1178,29,88,127,1,-1,-1,-1
