2,1,793,512,8,20,1,-1,-1,-1
3,1,786,489,14,43,1,-1,-1,-1
4,1,786,482,13,49,1,-1,-1,-1
5,1,785,469,15,66,1,-1,-1,-1
6,1,743,427,56,104,1,-1,-1,-1
7,1,741,426,58,104,1,-1,-1,-1
8,1,739,424,60,103,1,-1,-1,-1
9,1,740,415,36,108,1,-1,-1,-1
10,1,721,414,47,108,1,-1,-1,-1
11,1,706,409,47,110,1,-1,-1,-1
12,1,706,406,36,105,1,-1,-1,-1
13,1,701,403,38,105,1,-1,-1,-1
14,1,695,402,42,105,1,-1,-1,-1
15,1,667,400,56,106,1,-1,-1,-1
16,1,666,397,51,107,1,-1,-1,-1
17,1,664,395,51,106,1,-1,-1,-1
18,1,666,388,35,103,1,-1,-1,-1
19,1,665,388,33,104,1,-1,-1,-1
20,1,658,387,37,104,1,-1,-1,-1
21,1,644,382,35,105,1,-1,-1,-1
22,1,643,380,35,104,1,-1,-1,-1
23,1,641,377,34,103,1,-1,-1,-1
24,1,608,374,53,100,1,-1,-1,-1
25,1,603,374,52,99,1,-1,-1,-1
26,1,600,366,39,95,1,-1,-1,-1
27,1,600,362,32,100,1,-1,-1,-1
28,1,581,360,38,101,1,-1,-1,-1
29,1,583,359,34,101,1,-1,-1,-1
30,1,583,357,32,100,1,-1,-1,-1
31,1,549,350,50,97,1,-1,-1,-1
32,1,549,351,47,95,1,-1,-1,-1
33,1,548,350,45,95,1,-1,-1,-1
34,1,547,343,32,91,1,-1,-1,-1
35,1,547,343,31,91,1,-1,-1,-1
36,1,546,341,30,93,1,-1,-1,-1
37,1,522,337,36,94,1,-1,-1,-1
38,1,522,336,29,92,1,-1,-1,-1
39,1,518,334,30,91,1,-1,-1,-1
40,1,486,331,47,90,1,-1,-1,-1
41,1,486,330,45,90,1,-1,-1,-1
42,1,486,328,42,91,1,-1,-1,-1
43,1,486,326,38,90,1,-1,-1,-1
44,1,486,325,31,89,1,-1,-1,-1
45,1,486,324,29,90,1,-1,-1,-1
46,1,484,323,29,91,1,-1,-1,-1
47,1,472,322,31,91,1,-1,-1,-1
48,1,471,321,28,92,1,-1,-1,-1
49,1,470,319,27,92,1,-1,-1,-1
50,1,454,315,37,86,1,-1,-1,-1
51,1,442,314,44,87,1,-1,-1,-1
52,1,441,310,38,87,1,-1,-1,-1
53,1,440,308,34,85,1,-1,-1,-1
54,1,440,307,29,85,1,-1,-1,-1
55,1,440,305,29,86,1,-1,-1,-1
56,1,438,305,28,86,1,-1,-1,-1
57,1,436,305,28,87,1,-1,-1,-1
58,1,434,305,27,87,1,-1,-1,-1
59,1,419,297,29,84,1,-1,-1,-1
60,1,415,296,31,84,1,-1,-1,-1
61,1,409,297,35,83,1,-1,-1,-1
62,1,396,293,35,80,1,-1,-1,-1
63,1,396,291,27,81,1,-1,-1,-1
64,1,396,290,25,83,1,-1,-1,-1
65,1,395,289,24,83,1,-1,-1,-1
66,1,393,290,24,81,1,-1,-1,-1
67,1,385,288,22,81,1,-1,-1,-1
68,1,378,287,26,78,1,-1,-1,-1
69,1,358,286,37,76,1,-1,-1,-1
70,1,356,284,35,77,1,-1,-1,-1
71,1,353,284,40,77,1,-1,-1,-1
72,1,352,280,30,75,1,-1,-1,-1
73,1,350,278,24,77,1,-1,-1,-1
74,1,336,275,25,77,1,-1,-1,-1
75,1,334,274,23,76,1,-1,-1,-1
76,1,331,272,23,75,1,-1,-1,-1
77,1,328,272,24,75,1,-1,-1,-1
78,1,326,271,24,75,1,-1,-1,-1
79,1,307,270,33,71,1,-1,-1,-1
80,1,308,268,28,72,1,-1,-1,-1
81,1,307,265,23,74,1,-1,-1,-1
82,1,299,265,23,73,1,-1,-1,-1
83,1,297,266,23,72,1,-1,-1,-1
84,1,295,265,24,73,1,-1,-1,-1
85,1,280,257,28,73,1,-1,-1,-1
86,1,273,257,33,73,1,-1,-1,-1
87,1,270,258,34,72,1,-1,-1,-1
88,1,266,254,23,71,1,-1,-1,-1
89,1,264,253,24,71,1,-1,-1,-1
90,1,262,253,24,71,1,-1,-1,-1
91,1,261,253,23,71,1,-1,-1,-1
92,1,258,254,24,70,1,-1,-1,-1
93,1,250,248,23,69,1,-1,-1,-1
94,1,249,248,22,69,1,-1,-1,-1
95,1,241,248,29,69,1,-1,-1,-1
96,1,236,249,33,68,1,-1,-1,-1
97,1,236,248,32,68,1,-1,-1,-1
98,1,230,243,22,68,1,-1,-1,-1
99,1,228,243,22,68,1,-1,-1,-1
100,1,226,243,21,69,1,-1,-1,-1
101,1,215,240,20,66,1,-1,-1,-1
102,1,212,239,21,66,1,-1,-1,-1
103,1,209,239,22,66,1,-1,-1,-1
104,1,195,241,33,63,1,-1,-1,-1
105,1,194,239,31,63,1,-1,-1,-1
106,1,193,237,27,64,1,-1,-1,-1
107,1,192,236,23,65,1,-1,-1,-1
108,1,182,236,23,65,1,-1,-1,-1
109,1,180,236,25,65,1,-1,-1,-1
110,1,178,236,26,64,1,-1,-1,-1
111,1,164,232,25,65,1,-1,-1,-1
112,1,158,233,29,64,1,-1,-1,-1
113,1,155,233,32,63,1,-1,-1,-1
114,1,150,229,22,63,1,-1,-1,-1
115,1,149,229,21,63,1,-1,-1,-1
116,1,148,229,20,63,1,-1,-1,-1
117,1,147,229,19,63,1,-1,-1,-1
118,1,146,231,20,61,1,-1,-1,-1
119,1,139,228,19,61,1,-1,-1,-1
120,1,135,226,20,61,1,-1,-1,-1
121,1,121,226,29,59,1,-1,-1,-1
122,1,121,224,27,60,1,-1,-1,-1
123,1,120,223,23,61,1,-1,-1,-1
124,1,119,222,20,62,1,-1,-1,-1
125,1,117,222,20,61,1,-1,-1,-1
126,1,113,223,21,61,1,-1,-1,-1
127,1,111,223,21,60,1,-1,-1,-1
128,1,105,219,19,59,1,-1,-1,-1
129,1,103,218,20,61,1,-1,-1,-1
130,1,100,218,22,61,1,-1,-1,-1
131,1,94,219,26,59,1,-1,-1,-1
132,1,92,219,27,60,1,-1,-1,-1
133,1,90,219,27,57,1,-1,-1,-1
134,1,90,218,24,58,1,-1,-1,-1
135,1,89,216,20,60,1,-1,-1,-1
136,1,81,216,20,59,1,-1,-1,-1
137,1,81,218,19,57,1,-1,-1,-1
138,1,79,216,21,59,1,-1,-1,-1
139,1,73,213,18,57,1,-1,-1,-1
140,1,67,213,21,58,1,-1,-1,-1
141,1,60,213,24,55,1,-1,-1,-1
142,1,58,212,23,56,1,-1,-1,-1
143,1,56,211,21,57,1,-1,-1,-1
144,1,55,211,20,56,1,-1,-1,-1
145,1,54,211,19,56,1,-1,-1,-1
146,1,52,211,20,56,1,-1,-1,-1
147,1,52,210,19,57,1,-1,-1,-1
148,1,47,209,18,55,1,-1,-1,-1
149,1,44,208,19,55,1,-1,-1,-1
150,1,34,209,26,54,1,-1,-1,-1
152,1,35,208,24,54,1,-1,-1,-1
153,1,34,208,24,53,1,-1,-1,-1
154,1,32,207,22,54,1,-1,-1,-1
155,1,26,207,19,54,1,-1,-1,-1
156,1,24,205,20,56,1,-1,-1,-1
157,1,23,205,19,56,1,-1,-1,-1
158,1,21,205,20,55,1,-1,-1,-1
159,1,16,204,17,53,1,-1,-1,-1
160,1,14,205,18,52,1,-1,-1,-1
161,1,9,205,24,53,1,-1,-1,-1
162,1,7,207,28,52,1,-1,-1,-1
163,1,6,206,27,51,1,-1,-1,-1
164,1,6,202,18,53,1,-1,-1,-1
165,1,4,201,15,52,1,-1,-1,-1
166,1,4,200,14,55,1,-1,-1,-1
167,1,3,200,15,55,1,-1,-1,-1
168,1,1,201,15,52,1,-1,-1,-1
169,1,0,225,9,30,1,-1,-1,-1
170,1,0,229,7,23,1,-1,-1,-1
279,1,12,160,13,20,1,-1,-1,-1
280,1,14,160,11,22,1,-1,-1,-1
281,1,16,159,8,24,1,-1,-1,-1
282,1,22,165,8,13,1,-1,-1,-1
283,1,27,163,8,14,1,-1,-1,-1
284,1,36,159,10,19,1,-1,-1,-1
285,1,37,160,12,17,1,-1,-1,-1
286,1,38,160,12,18,1,-1,-1,-1
287,1,40,159,12,17,1,-1,-1,-1
288,1,43,159,10,13,1,-1,-1,-1
289,1,50,157,8,16,1,-1,-1,-1
9,2,761,411,38,102,1,-1,-1,-1
10,2,761,408,32,95,1,-1,-1,-1
11,2,740,404,42,99,1,-1,-1,-1
12,2,732,402,43,98,1,-1,-1,-1
13,2,734,400,39,100,1,-1,-1,-1
14,2,731,397,37,100,1,-1,-1,-1
15,2,715,391,39,96,1,-1,-1,-1
16,2,709,391,41,95,1,-1,-1,-1
17,2,706,390,40,95,1,-1,-1,-1
18,2,696,385,38,92,1,-1,-1,-1
19,2,698,383,29,91,1,-1,-1,-1
20,2,696,381,29,93,1,-1,-1,-1
21,2,671,379,41,94,1,-1,-1,-1
22,2,668,377,43,95,1,-1,-1,-1
23,2,670,375,37,96,1,-1,-1,-1
24,2,654,369,37,92,1,-1,-1,-1
25,2,638,369,43,91,1,-1,-1,-1
26,2,634,364,38,90,1,-1,-1,-1
27,2,634,361,28,90,1,-1,-1,-1
28,2,612,357,37,92,1,-1,-1,-1
29,2,612,357,36,92,1,-1,-1,-1
30,2,610,354,37,93,1,-1,-1,-1
31,2,584,347,39,91,1,-1,-1,-1
32,2,580,348,41,88,1,-1,-1,-1
33,2,578,347,42,88,1,-1,-1,-1
34,2,579,341,24,85,1,-1,-1,-1
35,2,573,339,27,87,1,-1,-1,-1
36,2,567,339,31,87,1,-1,-1,-1
37,2,553,334,27,86,1,-1,-1,-1
38,2,552,332,26,85,1,-1,-1,-1
39,2,551,330,24,85,1,-1,-1,-1
40,2,528,326,35,84,1,-1,-1,-1
41,2,525,325,34,83,1,-1,-1,-1
42,2,526,324,26,82,1,-1,-1,-1
43,2,522,322,27,83,1,-1,-1,-1
44,2,518,322,28,82,1,-1,-1,-1
45,2,513,320,32,84,1,-1,-1,-1
46,2,512,321,30,83,1,-1,-1,-1
47,2,503,317,29,85,1,-1,-1,-1
48,2,501,315,25,83,1,-1,-1,-1
49,2,499,314,25,82,1,-1,-1,-1
50,2,480,311,35,83,1,-1,-1,-1
51,2,480,311,34,81,1,-1,-1,-1
52,2,471,306,24,80,1,-1,-1,-1
53,2,466,305,27,81,1,-1,-1,-1
54,2,464,305,26,79,1,-1,-1,-1
55,2,458,304,30,81,1,-1,-1,-1
56,2,455,304,34,80,1,-1,-1,-1
57,2,455,303,32,81,1,-1,-1,-1
58,2,454,302,30,81,1,-1,-1,-1
59,2,439,297,26,78,1,-1,-1,-1
60,2,441,297,24,77,1,-1,-1,-1
61,2,439,298,24,76,1,-1,-1,-1
62,2,421,291,21,78,1,-1,-1,-1
63,2,418,291,22,77,1,-1,-1,-1
64,2,413,291,26,77,1,-1,-1,-1
65,2,410,289,28,78,1,-1,-1,-1
66,2,409,289,26,77,1,-1,-1,-1
67,2,401,284,22,75,1,-1,-1,-1
68,2,393,284,25,74,1,-1,-1,-1
69,2,387,283,26,71,1,-1,-1,-1
70,2,388,288,20,64,1,-1,-1,-1
71,2,385,287,18,66,1,-1,-1,-1
72,2,375,288,23,61,1,-1,-1,-1
73,2,370,288,26,62,1,-1,-1,-1
74,2,351,272,28,70,1,-1,-1,-1
75,2,346,271,32,72,1,-1,-1,-1
76,2,346,272,32,69,1,-1,-1,-1
77,2,345,271,32,71,1,-1,-1,-1
78,2,345,269,29,70,1,-1,-1,-1
79,2,331,267,27,69,1,-1,-1,-1
80,2,329,267,27,69,1,-1,-1,-1
81,2,329,266,25,69,1,-1,-1,-1
82,2,325,260,19,69,1,-1,-1,-1
83,2,320,260,22,69,1,-1,-1,-1
84,2,315,260,25,68,1,-1,-1,-1
85,2,308,257,23,67,1,-1,-1,-1
86,2,306,256,19,68,1,-1,-1,-1
87,2,303,256,21,68,1,-1,-1,-1
88,2,292,254,23,66,1,-1,-1,-1
89,2,291,253,19,65,1,-1,-1,-1
90,2,288,252,19,65,1,-1,-1,-1
91,2,286,253,19,64,1,-1,-1,-1
92,2,282,252,22,65,1,-1,-1,-1
93,2,271,248,24,64,1,-1,-1,-1
94,2,272,247,17,65,1,-1,-1,-1
95,2,269,246,18,66,1,-1,-1,-1
96,2,267,248,18,64,1,-1,-1,-1
97,2,266,247,19,65,1,-1,-1,-1
98,2,254,242,17,64,1,-1,-1,-1
99,2,251,242,19,64,1,-1,-1,-1
100,2,246,243,22,63,1,-1,-1,-1
101,2,234,240,25,63,1,-1,-1,-1
102,2,233,240,21,62,1,-1,-1,-1
103,2,230,239,22,63,1,-1,-1,-1
104,2,223,239,25,62,1,-1,-1,-1
105,2,220,237,23,62,1,-1,-1,-1
106,2,219,235,23,62,1,-1,-1,-1
107,2,217,235,22,62,1,-1,-1,-1
108,2,209,235,26,61,1,-1,-1,-1
109,2,209,234,27,61,1,-1,-1,-1
110,2,208,233,26,61,1,-1,-1,-1
111,2,200,231,19,60,1,-1,-1,-1
112,2,197,231,22,60,1,-1,-1,-1
113,2,196,230,23,61,1,-1,-1,-1
114,2,183,227,20,59,1,-1,-1,-1
115,2,178,227,25,60,1,-1,-1,-1
116,2,176,228,27,58,1,-1,-1,-1
118,2,175,227,26,59,1,-1,-1,-1
119,2,168,224,18,59,1,-1,-1,-1
120,2,164,225,22,58,1,-1,-1,-1
121,2,155,222,15,59,1,-1,-1,-1
122,2,153,221,16,59,1,-1,-1,-1
123,2,148,221,20,58,1,-1,-1,-1
124,2,144,223,24,56,1,-1,-1,-1
125,2,141,222,27,57,1,-1,-1,-1
126,2,140,222,27,56,1,-1,-1,-1
127,2,139,221,21,55,1,-1,-1,-1
128,2,131,220,21,56,1,-1,-1,-1
129,2,129,220,22,55,1,-1,-1,-1
130,2,127,220,23,55,1,-1,-1,-1
131,2,127,219,22,56,1,-1,-1,-1
132,2,125,219,21,56,1,-1,-1,-1
133,2,120,216,15,56,1,-1,-1,-1
134,2,114,217,22,55,1,-1,-1,-1
135,2,111,217,24,55,1,-1,-1,-1
136,2,108,216,21,52,1,-1,-1,-1
137,2,107,215,18,53,1,-1,-1,-1
138,2,104,214,17,54,1,-1,-1,-1
139,2,97,215,22,54,1,-1,-1,-1
140,2,93,214,22,54,1,-1,-1,-1
141,2,78,213,25,52,1,-1,-1,-1
142,2,77,213,26,52,1,-1,-1,-1
143,2,77,213,25,52,1,-1,-1,-1
144,2,77,212,24,53,1,-1,-1,-1
145,2,77,211,20,53,1,-1,-1,-1
146,2,75,211,18,54,1,-1,-1,-1
147,2,72,210,17,54,1,-1,-1,-1
148,2,66,210,20,54,1,-1,-1,-1
149,2,64,210,19,53,1,-1,-1,-1
150,2,59,209,15,52,1,-1,-1,-1
151,2,57,209,16,51,1,-1,-1,-1
152,2,55,209,18,51,1,-1,-1,-1
153,2,53,210,20,50,1,-1,-1,-1
154,2,52,209,21,51,1,-1,-1,-1
155,2,48,206,19,52,1,-1,-1,-1
156,2,45,206,21,52,1,-1,-1,-1
157,2,44,207,21,50,1,-1,-1,-1
158,2,42,206,22,52,1,-1,-1,-1
159,2,39,204,17,50,1,-1,-1,-1
160,2,39,204,15,51,1,-1,-1,-1
161,2,39,203,14,51,1,-1,-1,-1
162,2,36,203,16,51,1,-1,-1,-1
163,2,34,204,18,50,1,-1,-1,-1
164,2,31,203,19,49,1,-1,-1,-1
165,2,30,201,17,50,1,-1,-1,-1
166,2,28,201,16,50,1,-1,-1,-1
167,2,26,201,17,50,1,-1,-1,-1
168,2,25,200,18,51,1,-1,-1,-1
169,2,21,200,18,51,1,-1,-1,-1
170,2,19,200,17,49,1,-1,-1,-1
171,2,18,201,16,47,1,-1,-1,-1
172,2,16,199,15,49,1,-1,-1,-1
173,2,10,204,20,42,1,-1,-1,-1
174,2,9,205,20,42,1,-1,-1,-1
175,2,9,208,21,40,1,-1,-1,-1
176,2,9,208,20,40,1,-1,-1,-1
177,2,8,202,19,45,1,-1,-1,-1
178,2,8,201,16,46,1,-1,-1,-1
179,2,8,206,12,39,1,-1,-1,-1
180,2,3,205,13,41,1,-1,-1,-1
181,2,2,203,13,43,1,-1,-1,-1
182,2,2,228,11,17,1,-1,-1,-1
183,2,1,228,10,16,1,-1,-1,-1
185,2,0,228,9,16,1,-1,-1,-1
186,2,0,228,9,15,1,-1,-1,-1
187,2,0,228,8,15,1,-1,-1,-1
282,2,11,201,13,29,1,-1,-1,-1
283,2,11,202,14,30,1,-1,-1,-1
284,2,17,205,11,28,1,-1,-1,-1
285,2,18,210,12,21,1,-1,-1,-1
286,2,19,208,12,27,1,-1,-1,-1
287,2,21,208,11,28,1,-1,-1,-1
288,2,22,209,11,26,1,-1,-1,-1
289,2,27,196,19,39,1,-1,-1,-1
10,3,790,480,10,14,1,-1,-1,-1
11,3,775,402,26,91,1,-1,-1,-1
12,3,767,399,32,92,1,-1,-1,-1
13,3,763,398,36,95,1,-1,-1,-1
14,3,760,397,39,95,1,-1,-1,-1
15,3,756,391,27,93,1,-1,-1,-1
16,3,747,391,33,93,1,-1,-1,-1
17,3,744,390,37,93,1,-1,-1,-1
18,3,733,383,32,95,1,-1,-1,-1
19,3,729,381,30,91,1,-1,-1,-1
20,3,728,380,28,89,1,-1,-1,-1
21,3,705,377,37,89,1,-1,-1,-1
22,3,702,377,39,90,1,-1,-1,-1
23,3,699,375,41,90,1,-1,-1,-1
24,3,691,369,28,90,1,-1,-1,-1
25,3,681,367,35,92,1,-1,-1,-1
26,3,671,363,32,93,1,-1,-1,-1
27,3,666,360,29,88,1,-1,-1,-1
28,3,644,357,38,88,1,-1,-1,-1
29,3,642,357,38,88,1,-1,-1,-1
30,3,639,356,40,88,1,-1,-1,-1
31,3,629,348,30,86,1,-1,-1,-1
32,3,620,347,37,88,1,-1,-1,-1
33,3,617,346,38,88,1,-1,-1,-1
34,3,610,339,28,86,1,-1,-1,-1
35,3,609,338,25,85,1,-1,-1,-1
36,3,604,337,28,85,1,-1,-1,-1
37,3,581,333,37,84,1,-1,-1,-1
38,3,580,332,32,81,1,-1,-1,-1
39,3,580,331,25,81,1,-1,-1,-1
40,3,559,325,38,85,1,-1,-1,-1
41,3,560,324,32,84,1,-1,-1,-1
42,3,557,322,30,83,1,-1,-1,-1
43,3,556,321,24,82,1,-1,-1,-1
44,3,553,320,25,81,1,-1,-1,-1
45,3,548,319,26,81,1,-1,-1,-1
46,3,541,319,30,81,1,-1,-1,-1
47,3,529,315,38,82,1,-1,-1,-1
48,3,529,315,33,79,1,-1,-1,-1
49,3,529,314,27,78,1,-1,-1,-1
50,3,516,311,30,80,1,-1,-1,-1
51,3,510,310,37,80,1,-1,-1,-1
52,3,503,304,24,78,1,-1,-1,-1
53,3,499,303,24,78,1,-1,-1,-1
54,3,493,303,28,77,1,-1,-1,-1
55,3,485,303,34,78,1,-1,-1,-1
56,3,485,303,33,77,1,-1,-1,-1
57,3,481,302,37,78,1,-1,-1,-1
58,3,482,301,35,78,1,-1,-1,-1
59,3,468,296,29,77,1,-1,-1,-1
60,3,461,296,36,77,1,-1,-1,-1
62,3,450,289,22,74,1,-1,-1,-1
63,3,444,289,26,74,1,-1,-1,-1
64,3,436,289,33,74,1,-1,-1,-1
65,3,434,288,34,75,1,-1,-1,-1
66,3,433,288,35,74,1,-1,-1,-1
67,3,434,284,17,73,1,-1,-1,-1
68,3,427,282,26,75,1,-1,-1,-1
69,3,417,280,28,75,1,-1,-1,-1
70,3,416,278,25,73,1,-1,-1,-1
71,3,414,277,22,72,1,-1,-1,-1
72,3,393,275,34,72,1,-1,-1,-1
73,3,391,275,35,72,1,-1,-1,-1
74,3,385,285,22,55,1,-1,-1,-1
75,3,379,285,27,56,1,-1,-1,-1
76,3,375,287,29,53,1,-1,-1,-1
77,3,374,286,28,54,1,-1,-1,-1
78,3,373,287,25,51,1,-1,-1,-1
79,3,351,264,31,68,1,-1,-1,-1
80,3,351,264,31,69,1,-1,-1,-1
81,3,350,263,32,69,1,-1,-1,-1
82,3,348,261,18,65,1,-1,-1,-1
83,3,346,260,18,67,1,-1,-1,-1
84,3,344,259,20,68,1,-1,-1,-1
85,3,331,256,18,66,1,-1,-1,-1
86,3,328,255,18,66,1,-1,-1,-1
87,3,327,255,18,66,1,-1,-1,-1
88,3,314,253,23,63,1,-1,-1,-1
89,3,312,252,21,63,1,-1,-1,-1
90,3,311,251,17,64,1,-1,-1,-1
91,3,309,250,17,65,1,-1,-1,-1
92,3,307,251,19,64,1,-1,-1,-1
93,3,294,247,22,62,1,-1,-1,-1
94,3,291,245,19,63,1,-1,-1,-1
95,3,290,246,18,62,1,-1,-1,-1
96,3,284,246,22,61,1,-1,-1,-1
97,3,281,246,26,64,1,-1,-1,-1
98,3,275,242,15,63,1,-1,-1,-1
99,3,271,242,19,62,1,-1,-1,-1
100,3,270,241,20,62,1,-1,-1,-1
101,3,261,239,16,62,1,-1,-1,-1
102,3,258,238,18,61,1,-1,-1,-1
103,3,256,238,18,60,1,-1,-1,-1
104,3,243,237,27,61,1,-1,-1,-1
105,3,243,236,26,61,1,-1,-1,-1
106,3,242,235,24,60,1,-1,-1,-1
107,3,241,235,21,59,1,-1,-1,-1
108,3,234,235,24,59,1,-1,-1,-1
109,3,231,234,25,59,1,-1,-1,-1
110,3,230,234,22,59,1,-1,-1,-1
111,3,216,230,22,57,1,-1,-1,-1
112,3,214,231,23,57,1,-1,-1,-1
113,3,212,230,26,58,1,-1,-1,-1
114,3,204,228,21,56,1,-1,-1,-1
115,3,203,227,23,57,1,-1,-1,-1
116,3,200,227,25,58,1,-1,-1,-1
117,3,199,228,23,57,1,-1,-1,-1
118,3,198,227,22,57,1,-1,-1,-1
119,3,192,223,15,56,1,-1,-1,-1
120,3,182,223,24,58,1,-1,-1,-1
121,3,175,222,18,55,1,-1,-1,-1
122,3,173,221,16,55,1,-1,-1,-1
123,3,172,221,16,55,1,-1,-1,-1
124,3,168,221,21,55,1,-1,-1,-1
125,3,166,220,23,56,1,-1,-1,-1
126,3,163,220,21,56,1,-1,-1,-1
127,3,158,218,20,55,1,-1,-1,-1
128,3,149,217,20,55,1,-1,-1,-1
129,3,144,217,25,55,1,-1,-1,-1
130,3,143,217,27,55,1,-1,-1,-1
131,3,144,216,25,56,1,-1,-1,-1
132,3,144,216,23,55,1,-1,-1,-1
133,3,138,214,17,55,1,-1,-1,-1
134,3,136,214,19,54,1,-1,-1,-1
135,3,135,215,21,54,1,-1,-1,-1
136,3,129,212,20,53,1,-1,-1,-1
137,3,128,212,15,51,1,-1,-1,-1
138,3,127,211,14,53,1,-1,-1,-1
139,3,112,211,27,54,1,-1,-1,-1
140,3,112,210,25,54,1,-1,-1,-1
141,3,103,209,22,54,1,-1,-1,-1
142,3,101,209,23,53,1,-1,-1,-1
143,3,100,210,22,51,1,-1,-1,-1
144,3,97,209,23,53,1,-1,-1,-1
145,3,94,207,23,54,1,-1,-1,-1
146,3,94,207,19,52,1,-1,-1,-1
147,3,93,207,17,51,1,-1,-1,-1
148,3,85,206,21,53,1,-1,-1,-1
149,3,84,206,22,52,1,-1,-1,-1
150,3,78,204,17,52,1,-1,-1,-1
151,3,76,204,19,52,1,-1,-1,-1
152,3,75,204,20,52,1,-1,-1,-1
153,3,74,205,20,51,1,-1,-1,-1
154,3,72,204,21,52,1,-1,-1,-1
155,3,70,203,14,49,1,-1,-1,-1
156,3,66,202,15,50,1,-1,-1,-1
157,3,65,202,16,51,1,-1,-1,-1
158,3,58,202,23,51,1,-1,-1,-1
159,3,57,201,20,49,1,-1,-1,-1
160,3,56,201,18,50,1,-1,-1,-1
161,3,54,202,15,48,1,-1,-1,-1
162,3,53,200,15,51,1,-1,-1,-1
163,3,50,201,18,49,1,-1,-1,-1
164,3,44,201,21,51,1,-1,-1,-1
165,3,44,200,19,50,1,-1,-1,-1
166,3,41,200,19,48,1,-1,-1,-1
167,3,41,199,15,49,1,-1,-1,-1
168,3,40,199,15,48,1,-1,-1,-1
169,3,34,199,18,48,1,-1,-1,-1
170,3,33,198,20,49,1,-1,-1,-1
171,3,32,198,19,49,1,-1,-1,-1
172,3,32,198,14,48,1,-1,-1,-1
173,3,28,198,15,47,1,-1,-1,-1
174,3,27,199,16,47,1,-1,-1,-1
175,3,25,197,17,49,1,-1,-1,-1
176,3,24,197,18,48,1,-1,-1,-1
177,3,23,197,17,48,1,-1,-1,-1
178,3,22,197,17,48,1,-1,-1,-1
179,3,21,197,15,47,1,-1,-1,-1
180,3,18,196,15,45,1,-1,-1,-1
181,3,16,195,16,47,1,-1,-1,-1
182,3,13,196,18,45,1,-1,-1,-1
183,3,11,200,21,41,1,-1,-1,-1
184,3,11,202,21,40,1,-1,-1,-1
185,3,10,202,20,38,1,-1,-1,-1
186,3,9,202,18,38,1,-1,-1,-1
187,3,8,200,16,40,1,-1,-1,-1
188,3,6,200,15,39,1,-1,-1,-1
189,3,3,201,15,40,1,-1,-1,-1
190,3,2,201,16,39,1,-1,-1,-1
191,3,0,199,14,44,1,-1,-1,-1
192,3,0,217,13,24,1,-1,-1,-1
193,3,0,218,11,19,1,-1,-1,-1
1,4,83,193,17,49,1,-1,-1,-1
2,4,83,192,16,50,1,-1,-1,-1
3,4,83,192,16,48,1,-1,-1,-1
4,4,82,191,17,48,1,-1,-1,-1
5,4,82,191,18,48,1,-1,-1,-1
6,4,81,190,17,48,1,-1,-1,-1
8,4,81,189,16,49,1,-1,-1,-1
9,4,80,189,17,47,1,-1,-1,-1
10,4,81,188,15,47,1,-1,-1,-1
11,4,83,188,15,47,1,-1,-1,-1
12,4,83,187,15,47,1,-1,-1,-1
13,4,83,187,16,47,1,-1,-1,-1
15,4,83,186,17,47,1,-1,-1,-1
17,4,83,186,18,47,1,-1,-1,-1
18,4,86,185,14,45,1,-1,-1,-1
19,4,87,184,14,47,1,-1,-1,-1
20,4,86,184,15,47,1,-1,-1,-1
21,4,87,183,15,47,1,-1,-1,-1
22,4,88,183,14,47,1,-1,-1,-1
23,4,87,182,15,46,1,-1,-1,-1
24,4,87,181,17,46,1,-1,-1,-1
25,4,87,180,17,46,1,-1,-1,-1
26,4,87,180,17,46,1,-1,-1,-1
27,4,87,179,16,45,1,-1,-1,-1
29,4,87,178,15,45,1,-1,-1,-1
30,4,88,178,15,45,1,-1,-1,-1
31,4,87,177,15,44,1,-1,-1,-1
33,4,86,176,15,44,1,-1,-1,-1
35,4,86,176,15,44,1,-1,-1,-1
36,4,84,175,16,43,1,-1,-1,-1
37,4,83,175,14,43,1,-1,-1,-1
38,4,81,175,15,42,1,-1,-1,-1
39,4,80,175,15,42,1,-1,-1,-1
40,4,79,172,14,43,1,-1,-1,-1
41,4,78,172,14,42,1,-1,-1,-1
42,4,77,172,14,42,1,-1,-1,-1
44,4,76,172,15,42,1,-1,-1,-1
45,4,75,172,15,42,1,-1,-1,-1
46,4,75,173,15,42,1,-1,-1,-1
47,4,72,172,15,41,1,-1,-1,-1
48,4,70,172,15,41,1,-1,-1,-1
49,4,68,171,15,42,1,-1,-1,-1
50,4,66,171,16,42,1,-1,-1,-1
51,4,66,170,14,41,1,-1,-1,-1
52,4,64,170,14,41,1,-1,-1,-1
53,4,63,170,14,40,1,-1,-1,-1
54,4,59,170,17,40,1,-1,-1,-1
55,4,58,170,17,39,1,-1,-1,-1
56,4,57,170,18,39,1,-1,-1,-1
57,4,56,170,19,39,1,-1,-1,-1
58,4,55,171,20,39,1,-1,-1,-1
59,4,53,173,10,37,1,-1,-1,-1
60,4,51,175,12,35,1,-1,-1,-1
61,4,48,173,15,37,1,-1,-1,-1
62,4,44,186,13,23,1,-1,-1,-1
63,4,45,186,11,23,1,-1,-1,-1
64,4,43,189,10,19,1,-1,-1,-1
65,4,41,184,10,25,1,-1,-1,-1
66,4,39,182,12,28,1,-1,-1,-1
67,4,33,170,17,39,1,-1,-1,-1
68,4,32,170,17,38,1,-1,-1,-1
69,4,27,169,11,39,1,-1,-1,-1
70,4,25,169,12,40,1,-1,-1,-1
71,4,23,170,14,40,1,-1,-1,-1
72,4,17,169,19,41,1,-1,-1,-1
73,4,15,169,16,42,1,-1,-1,-1
1,5,330,180,19,46,1,-1,-1,-1
2,5,330,179,18,45,1,-1,-1,-1
5,5,330,178,17,45,1,-1,-1,-1
8,5,330,178,17,45,1,-1,-1,-1
9,5,329,177,17,45,1,-1,-1,-1
10,5,328,177,17,45,1,-1,-1,-1
11,5,327,177,17,45,1,-1,-1,-1
12,5,326,176,17,45,1,-1,-1,-1
13,5,325,176,17,45,1,-1,-1,-1
14,5,324,176,17,45,1,-1,-1,-1
15,5,324,175,16,45,1,-1,-1,-1
17,5,324,174,15,45,1,-1,-1,-1
19,5,324,174,15,45,1,-1,-1,-1
20,5,323,173,15,44,1,-1,-1,-1
21,5,322,173,15,44,1,-1,-1,-1
22,5,321,173,15,44,1,-1,-1,-1
23,5,320,173,15,44,1,-1,-1,-1
24,5,320,173,15,44,1,-1,-1,-1
25,5,319,172,15,44,1,-1,-1,-1
26,5,316,171,17,44,1,-1,-1,-1
27,5,317,172,15,43,1,-1,-1,-1
28,5,317,170,16,45,1,-1,-1,-1
29,5,318,170,15,44,1,-1,-1,-1
30,5,318,170,14,44,1,-1,-1,-1
31,5,315,170,14,42,1,-1,-1,-1
32,5,314,170,14,42,1,-1,-1,-1
34,5,311,169,15,42,1,-1,-1,-1
35,5,310,169,16,42,1,-1,-1,-1
36,5,309,169,16,42,1,-1,-1,-1
37,5,307,169,14,41,1,-1,-1,-1
39,5,307,168,14,42,1,-1,-1,-1
40,5,305,168,12,40,1,-1,-1,-1
41,5,303,168,13,41,1,-1,-1,-1
42,5,301,168,15,40,1,-1,-1,-1
43,5,300,168,16,40,1,-1,-1,-1
44,5,297,168,18,40,1,-1,-1,-1
45,5,296,167,19,41,1,-1,-1,-1
47,5,294,166,16,42,1,-1,-1,-1
48,5,294,166,15,42,1,-1,-1,-1
49,5,294,166,15,41,1,-1,-1,-1
50,5,290,166,16,42,1,-1,-1,-1
51,5,291,166,13,41,1,-1,-1,-1
52,5,289,165,13,42,1,-1,-1,-1
53,5,288,166,12,39,1,-1,-1,-1
54,5,288,166,12,40,1,-1,-1,-1
55,5,287,166,13,40,1,-1,-1,-1
56,5,286,165,13,41,1,-1,-1,-1
57,5,284,166,15,40,1,-1,-1,-1
58,5,283,165,15,41,1,-1,-1,-1
59,5,280,165,17,40,1,-1,-1,-1
60,5,279,165,16,41,1,-1,-1,-1
61,5,278,165,16,41,1,-1,-1,-1
62,5,274,165,14,40,1,-1,-1,-1
63,5,274,166,13,40,1,-1,-1,-1
64,5,273,166,13,39,1,-1,-1,-1
65,5,272,166,14,39,1,-1,-1,-1
66,5,272,165,13,40,1,-1,-1,-1
67,5,268,165,13,39,1,-1,-1,-1
68,5,266,166,14,38,1,-1,-1,-1
69,5,264,165,14,39,1,-1,-1,-1
70,5,263,165,15,39,1,-1,-1,-1
71,5,262,166,15,38,1,-1,-1,-1
72,5,258,165,16,39,1,-1,-1,-1
73,5,258,165,14,39,1,-1,-1,-1
74,5,256,164,12,40,1,-1,-1,-1
75,5,255,164,13,38,1,-1,-1,-1
76,5,254,164,13,37,1,-1,-1,-1
77,5,254,164,13,36,1,-1,-1,-1
78,5,253,164,13,37,1,-1,-1,-1
79,5,250,164,14,24,1,-1,-1,-1
80,5,249,163,14,24,1,-1,-1,-1
81,5,249,163,13,24,1,-1,-1,-1
82,5,245,163,13,24,1,-1,-1,-1
83,5,244,163,15,24,1,-1,-1,-1
84,5,244,162,13,24,1,-1,-1,-1
85,5,240,162,13,24,1,-1,-1,-1
86,5,239,162,14,24,1,-1,-1,-1
87,5,240,162,12,24,1,-1,-1,-1
88,5,236,162,12,24,1,-1,-1,-1
89,5,237,161,11,24,1,-1,-1,-1
90,5,236,161,11,24,1,-1,-1,-1
91,5,236,161,10,24,1,-1,-1,-1
92,5,233,161,13,24,1,-1,-1,-1
93,5,228,161,11,24,1,-1,-1,-1
94,5,227,160,11,24,1,-1,-1,-1
95,5,227,160,12,24,1,-1,-1,-1
96,5,227,160,11,24,1,-1,-1,-1
97,5,226,160,12,24,1,-1,-1,-1
98,5,221,160,11,23,1,-1,-1,-1
99,5,221,160,10,23,1,-1,-1,-1
100,5,220,160,10,23,1,-1,-1,-1
101,5,217,160,9,17,1,-1,-1,-1
102,5,216,160,10,17,1,-1,-1,-1
103,5,216,161,9,16,1,-1,-1,-1
104,5,212,160,10,17,1,-1,-1,-1
105,5,209,160,10,16,1,-1,-1,-1
106,5,209,160,10,17,1,-1,-1,-1
107,5,208,160,10,17,1,-1,-1,-1
108,5,206,160,9,17,1,-1,-1,-1
109,5,205,161,9,15,1,-1,-1,-1
110,5,204,160,10,17,1,-1,-1,-1
111,5,200,159,11,17,1,-1,-1,-1
112,5,199,159,11,17,1,-1,-1,-1
113,5,199,158,10,17,1,-1,-1,-1
114,5,195,158,9,17,1,-1,-1,-1
115,5,194,158,10,17,1,-1,-1,-1
116,5,193,158,11,17,1,-1,-1,-1
117,5,192,158,10,17,1,-1,-1,-1
118,5,191,158,10,16,1,-1,-1,-1
119,5,189,158,11,16,1,-1,-1,-1
120,5,189,158,9,16,1,-1,-1,-1
121,5,186,158,10,16,1,-1,-1,-1
122,5,186,158,9,16,1,-1,-1,-1
123,5,185,158,10,16,1,-1,-1,-1
124,5,183,158,11,16,1,-1,-1,-1
125,5,183,158,11,17,1,-1,-1,-1
126,5,182,158,10,16,1,-1,-1,-1
127,5,179,157,11,17,1,-1,-1,-1
128,5,178,157,9,18,1,-1,-1,-1
129,5,176,157,10,17,1,-1,-1,-1
130,5,175,157,11,17,1,-1,-1,-1
131,5,173,157,12,16,1,-1,-1,-1
132,5,173,157,12,17,1,-1,-1,-1
133,5,171,157,9,17,1,-1,-1,-1
134,5,169,157,9,17,1,-1,-1,-1
135,5,168,157,9,17,1,-1,-1,-1
136,5,166,157,9,16,1,-1,-1,-1
137,5,167,157,8,16,1,-1,-1,-1
138,5,166,157,9,16,1,-1,-1,-1
139,5,162,157,9,16,1,-1,-1,-1
140,5,161,157,9,16,1,-1,-1,-1
141,5,159,156,9,16,1,-1,-1,-1
142,5,157,156,9,16,1,-1,-1,-1
143,5,155,156,9,16,1,-1,-1,-1
144,5,154,156,9,16,1,-1,-1,-1
145,5,153,156,9,16,1,-1,-1,-1
146,5,153,156,8,16,1,-1,-1,-1
147,5,152,156,9,17,1,-1,-1,-1
148,5,147,156,9,17,1,-1,-1,-1
149,5,145,156,9,17,1,-1,-1,-1
150,5,143,156,9,17,1,-1,-1,-1
151,5,142,156,10,18,1,-1,-1,-1
152,5,142,156,10,19,1,-1,-1,-1
153,5,141,156,10,18,1,-1,-1,-1
154,5,140,156,10,18,1,-1,-1,-1
155,5,139,157,9,18,1,-1,-1,-1
156,5,137,157,11,18,1,-1,-1,-1
157,5,136,156,12,19,1,-1,-1,-1
158,5,136,156,10,19,1,-1,-1,-1
159,5,134,156,11,20,1,-1,-1,-1
160,5,133,156,12,20,1,-1,-1,-1
161,5,132,156,12,20,1,-1,-1,-1
163,5,131,157,10,19,1,-1,-1,-1
164,5,129,156,8,20,1,-1,-1,-1
165,5,128,156,10,21,1,-1,-1,-1
166,5,127,157,10,20,1,-1,-1,-1
167,5,127,156,10,21,1,-1,-1,-1
168,5,126,156,11,21,1,-1,-1,-1
169,5,124,157,12,20,1,-1,-1,-1
170,5,124,157,11,19,1,-1,-1,-1
180,5,124,158,11,19,1,-1,-1,-1
181,5,123,158,14,20,1,-1,-1,-1
182,5,123,159,13,20,1,-1,-1,-1
183,5,123,159,12,20,1,-1,-1,-1
184,5,122,159,12,19,1,-1,-1,-1
185,5,123,159,11,19,1,-1,-1,-1
186,5,122,159,12,20,1,-1,-1,-1
187,5,122,159,11,19,1,-1,-1,-1
188,5,121,159,11,19,1,-1,-1,-1
189,5,120,160,13,18,1,-1,-1,-1
191,5,120,160,12,19,1,-1,-1,-1
192,5,122,161,10,18,1,-1,-1,-1
193,5,121,162,11,18,1,-1,-1,-1
194,5,121,162,10,34,1,-1,-1,-1
195,5,119,162,11,38,1,-1,-1,-1
196,5,118,162,13,38,1,-1,-1,-1
197,5,119,162,11,39,1,-1,-1,-1
198,5,119,162,10,39,1,-1,-1,-1
199,5,119,162,9,38,1,-1,-1,-1
200,5,118,162,10,39,1,-1,-1,-1
201,5,116,162,11,39,1,-1,-1,-1
202,5,114,161,14,40,1,-1,-1,-1
203,5,113,162,15,39,1,-1,-1,-1
204,5,114,162,13,39,1,-1,-1,-1
205,5,113,162,13,40,1,-1,-1,-1
206,5,114,162,12,41,1,-1,-1,-1
207,5,114,163,12,41,1,-1,-1,-1
208,5,113,163,13,42,1,-1,-1,-1
209,5,113,164,12,41,1,-1,-1,-1
210,5,113,164,11,41,1,-1,-1,-1
211,5,113,166,12,39,1,-1,-1,-1
212,5,112,165,12,40,1,-1,-1,-1
213,5,111,166,13,39,1,-1,-1,-1
214,5,107,166,15,42,1,-1,-1,-1
216,5,106,167,16,40,1,-1,-1,-1
217,5,105,167,17,41,1,-1,-1,-1
218,5,105,167,16,41,1,-1,-1,-1
219,5,104,167,16,40,1,-1,-1,-1
220,5,104,167,16,41,1,-1,-1,-1
221,5,103,167,16,40,1,-1,-1,-1
222,5,103,167,15,41,1,-1,-1,-1
223,5,104,167,12,41,1,-1,-1,-1
224,5,102,168,12,42,1,-1,-1,-1
225,5,102,168,13,41,1,-1,-1,-1
227,5,100,168,13,41,1,-1,-1,-1
231,5,101,168,12,42,1,-1,-1,-1
232,5,98,169,15,40,1,-1,-1,-1
233,5,98,169,15,41,1,-1,-1,-1
234,5,98,169,14,40,1,-1,-1,-1
235,5,99,169,13,41,1,-1,-1,-1
236,5,100,168,12,41,1,-1,-1,-1
237,5,100,169,12,41,1,-1,-1,-1
238,5,100,168,12,43,1,-1,-1,-1
239,5,101,168,11,42,1,-1,-1,-1
240,5,101,169,11,41,1,-1,-1,-1
241,5,100,168,12,42,1,-1,-1,-1
242,5,100,169,12,40,1,-1,-1,-1
243,5,99,168,12,40,1,-1,-1,-1
249,5,98,168,13,40,1,-1,-1,-1
252,5,98,168,13,41,1,-1,-1,-1
256,5,97,168,14,41,1,-1,-1,-1
262,5,97,168,15,42,1,-1,-1,-1
263,5,100,169,17,42,1,-1,-1,-1
264,5,102,169,14,41,1,-1,-1,-1
265,5,101,169,16,40,1,-1,-1,-1
266,5,105,169,14,41,1,-1,-1,-1
267,5,104,169,15,41,1,-1,-1,-1
268,5,105,169,15,41,1,-1,-1,-1
269,5,108,169,11,40,1,-1,-1,-1
270,5,108,170,13,41,1,-1,-1,-1
271,5,110,170,11,40,1,-1,-1,-1
272,5,110,169,12,41,1,-1,-1,-1
273,5,111,170,11,40,1,-1,-1,-1
274,5,112,171,11,39,1,-1,-1,-1
275,5,113,170,10,40,1,-1,-1,-1
276,5,115,169,9,41,1,-1,-1,-1
277,5,115,170,10,40,1,-1,-1,-1
278,5,116,170,13,41,1,-1,-1,-1
279,5,117,170,13,41,1,-1,-1,-1
280,5,118,170,14,40,1,-1,-1,-1
281,5,119,170,13,40,1,-1,-1,-1
282,5,128,169,9,9,1,-1,-1,-1
283,5,129,169,10,9,1,-1,-1,-1
284,5,137,170,10,8,1,-1,-1,-1
285,5,136,169,11,8,1,-1,-1,-1
286,5,137,168,11,8,1,-1,-1,-1
287,5,138,169,11,8,1,-1,-1,-1
288,5,141,169,9,6,1,-1,-1,-1
