226,1,1916,297,4,9,1,-1,-1,-1
227,1,1915,296,4,10,1,-1,-1,-1
228,1,1915,295,5,11,1,-1,-1,-1
229,1,1914,294,5,12,1,-1,-1,-1
230,1,1914,293,6,13,1,-1,-1,-1
231,1,1913,292,6,13,1,-1,-1,-1
232,1,1912,292,7,13,1,-1,-1,-1
233,1,1911,292,8,13,1,-1,-1,-1
235,1,1910,292,9,13,1,-1,-1,-1
236,1,1909,292,10,13,1,-1,-1,-1
237,1,1908,292,11,13,1,-1,-1,-1
239,1,1907,292,12,13,1,-1,-1,-1
240,1,1906,292,13,13,1,-1,-1,-1
241,1,1906,292,14,14,1,-1,-1,-1
242,1,1905,292,14,13,1,-1,-1,-1
243,1,1904,293,14,13,1,-1,-1,-1
244,1,1903,292,14,13,1,-1,-1,-1
245,1,1902,292,14,13,1,-1,-1,-1
246,1,1901,292,14,13,1,-1,-1,-1
248,1,1900,292,15,13,1,-1,-1,-1
249,1,1899,292,15,13,1,-1,-1,-1
251,1,1898,292,15,13,1,-1,-1,-1
252,1,1897,292,15,13,1,-1,-1,-1
253,1,1897,292,16,13,1,-1,-1,-1
254,1,1896,292,15,13,1,-1,-1,-1
255,1,1895,292,15,13,1,-1,-1,-1
256,1,1894,292,15,13,1,-1,-1,-1
258,1,1893,292,15,13,1,-1,-1,-1
259,1,1892,292,15,13,1,-1,-1,-1
260,1,1891,292,15,13,1,-1,-1,-1
262,1,1890,292,15,13,1,-1,-1,-1
263,1,1889,292,15,13,1,-1,-1,-1
265,1,1888,292,15,13,1,-1,-1,-1
266,1,1887,292,15,13,1,-1,-1,-1
267,1,1886,292,15,13,1,-1,-1,-1
269,1,1885,292,15,13,1,-1,-1,-1
270,1,1884,292,15,13,1,-1,-1,-1
271,1,1883,292,15,13,1,-1,-1,-1
273,1,1882,292,15,13,1,-1,-1,-1
274,1,1881,292,15,13,1,-1,-1,-1
276,1,1880,292,15,13,1,-1,-1,-1
277,1,1879,292,15,13,1,-1,-1,-1
278,1,1878,292,15,13,1,-1,-1,-1
280,1,1877,292,15,13,1,-1,-1,-1
281,1,1876,292,15,13,1,-1,-1,-1
283,1,1875,292,15,13,1,-1,-1,-1
284,1,1874,292,15,13,1,-1,-1,-1
285,1,1873,292,15,13,1,-1,-1,-1
287,1,1872,292,15,13,1,-1,-1,-1
288,1,1871,292,15,13,1,-1,-1,-1
289,1,1870,292,15,13,1,-1,-1,-1
291,1,1869,292,15,13,1,-1,-1,-1
292,1,1868,292,15,13,1,-1,-1,-1
294,1,1867,292,15,13,1,-1,-1,-1
295,1,1866,292,15,13,1,-1,-1,-1
296,1,1865,292,15,13,1,-1,-1,-1
298,1,1864,292,15,13,1,-1,-1,-1
299,1,1863,292,15,13,1,-1,-1,-1
300,1,1863,293,15,13,1,-1,-1,-1
301,1,1862,293,15,13,1,-1,-1,-1
302,1,1861,293,15,13,1,-1,-1,-1
303,1,1860,293,15,13,1,-1,-1,-1
305,1,1859,293,15,13,1,-1,-1,-1
306,1,1858,293,15,13,1,-1,-1,-1
307,1,1857,293,15,13,1,-1,-1,-1
309,1,1856,293,15,13,1,-1,-1,-1
310,1,1855,293,15,13,1,-1,-1,-1
311,1,1854,293,15,13,1,-1,-1,-1
313,1,1853,293,15,13,1,-1,-1,-1
314,1,1852,293,15,13,1,-1,-1,-1
315,1,1851,293,15,13,1,-1,-1,-1
317,1,1850,294,15,13,1,-1,-1,-1
318,1,1849,294,15,13,1,-1,-1,-1
319,1,1848,294,15,13,1,-1,-1,-1
321,1,1847,294,15,13,1,-1,-1,-1
322,1,1846,294,15,13,1,-1,-1,-1
323,1,1845,294,15,13,1,-1,-1,-1
325,1,1844,294,15,13,1,-1,-1,-1
326,1,1843,294,15,13,1,-1,-1,-1
328,1,1842,294,15,13,1,-1,-1,-1
329,1,1841,294,15,13,1,-1,-1,-1
330,1,1840,294,15,13,1,-1,-1,-1
332,1,1839,294,15,13,1,-1,-1,-1
333,1,1838,294,15,13,1,-1,-1,-1
334,1,1837,295,15,13,1,-1,-1,-1
336,1,1836,295,15,13,1,-1,-1,-1
337,1,1835,295,15,13,1,-1,-1,-1
338,1,1834,295,15,13,1,-1,-1,-1
340,1,1833,295,15,13,1,-1,-1,-1
341,1,1832,295,15,13,1,-1,-1,-1
342,1,1831,295,15,13,1,-1,-1,-1
344,1,1830,295,15,13,1,-1,-1,-1
345,1,1829,295,15,13,1,-1,-1,-1
346,1,1828,295,15,13,1,-1,-1,-1
348,1,1827,295,15,13,1,-1,-1,-1
349,1,1826,295,15,13,1,-1,-1,-1
350,1,1826,296,16,13,1,-1,-1,-1
351,1,1825,296,16,13,1,-1,-1,-1
352,1,1824,296,16,13,1,-1,-1,-1
353,1,1823,296,16,13,1,-1,-1,-1
355,1,1822,296,16,13,1,-1,-1,-1
356,1,1821,296,16,13,1,-1,-1,-1
358,1,1820,296,16,13,1,-1,-1,-1
359,1,1819,296,16,13,1,-1,-1,-1
361,1,1818,296,16,13,1,-1,-1,-1
362,1,1817,296,16,13,1,-1,-1,-1
364,1,1816,296,16,13,1,-1,-1,-1
365,1,1815,296,16,13,1,-1,-1,-1
367,1,1814,296,16,13,1,-1,-1,-1
368,1,1813,296,16,13,1,-1,-1,-1
370,1,1812,296,16,13,1,-1,-1,-1
371,1,1811,296,16,13,1,-1,-1,-1
373,1,1810,296,16,13,1,-1,-1,-1
374,1,1809,296,16,13,1,-1,-1,-1
376,1,1808,296,16,13,1,-1,-1,-1
377,1,1807,296,16,13,1,-1,-1,-1
378,1,1806,296,16,13,1,-1,-1,-1
380,1,1805,296,16,13,1,-1,-1,-1
381,1,1804,296,16,13,1,-1,-1,-1
383,1,1803,296,16,13,1,-1,-1,-1
384,1,1802,296,16,13,1,-1,-1,-1
386,1,1801,296,16,13,1,-1,-1,-1
387,1,1800,296,16,13,1,-1,-1,-1
389,1,1799,296,16,13,1,-1,-1,-1
390,1,1798,296,16,13,1,-1,-1,-1
392,1,1797,296,16,13,1,-1,-1,-1
393,1,1796,296,16,13,1,-1,-1,-1
395,1,1795,296,16,13,1,-1,-1,-1
396,1,1794,296,16,13,1,-1,-1,-1
398,1,1793,296,16,13,1,-1,-1,-1
399,1,1792,296,16,13,1,-1,-1,-1
400,1,1792,297,17,13,1,-1,-1,-1
401,1,1791,297,17,13,1,-1,-1,-1
402,1,1790,297,17,13,1,-1,-1,-1
404,1,1789,297,17,13,1,-1,-1,-1
405,1,1788,297,17,13,1,-1,-1,-1
407,1,1787,297,17,13,1,-1,-1,-1
409,1,1786,297,17,13,1,-1,-1,-1
410,1,1785,297,17,13,1,-1,-1,-1
412,1,1784,297,17,13,1,-1,-1,-1
413,1,1783,297,17,13,1,-1,-1,-1
415,1,1782,297,17,13,1,-1,-1,-1
417,1,1781,297,17,13,1,-1,-1,-1
418,1,1780,297,17,13,1,-1,-1,-1
420,1,1779,297,17,13,1,-1,-1,-1
421,1,1778,297,17,13,1,-1,-1,-1
423,1,1777,297,17,13,1,-1,-1,-1
425,1,1776,296,17,13,1,-1,-1,-1
426,1,1775,296,17,13,1,-1,-1,-1
427,1,1774,296,17,13,1,-1,-1,-1
428,1,1773,296,17,13,1,-1,-1,-1
430,1,1772,296,17,13,1,-1,-1,-1
431,1,1771,296,17,13,1,-1,-1,-1
432,1,1770,296,17,13,1,-1,-1,-1
434,1,1769,296,17,13,1,-1,-1,-1
435,1,1768,296,17,13,1,-1,-1,-1
436,1,1767,296,17,13,1,-1,-1,-1
438,1,1766,295,17,13,1,-1,-1,-1
439,1,1765,295,17,13,1,-1,-1,-1
440,1,1764,295,17,13,1,-1,-1,-1
441,1,1763,295,17,13,1,-1,-1,-1
443,1,1762,295,17,13,1,-1,-1,-1
444,1,1761,295,17,13,1,-1,-1,-1
445,1,1760,295,17,13,1,-1,-1,-1
447,1,1759,295,17,13,1,-1,-1,-1
448,1,1758,295,17,13,1,-1,-1,-1
449,1,1757,295,17,13,1,-1,-1,-1
450,1,1757,295,18,13,1,-1,-1,-1
451,1,1756,294,18,13,1,-1,-1,-1
452,1,1755,294,18,13,1,-1,-1,-1
453,1,1754,294,18,13,1,-1,-1,-1
454,1,1753,294,18,13,1,-1,-1,-1
455,1,1752,294,18,13,1,-1,-1,-1
457,1,1751,294,18,13,1,-1,-1,-1
458,1,1750,294,18,13,1,-1,-1,-1
459,1,1749,293,18,13,1,-1,-1,-1
460,1,1748,293,18,13,1,-1,-1,-1
461,1,1747,293,18,13,1,-1,-1,-1
463,1,1746,293,18,14,1,-1,-1,-1
464,1,1745,293,18,14,1,-1,-1,-1
465,1,1744,293,18,14,1,-1,-1,-1
466,1,1743,293,18,14,1,-1,-1,-1
467,1,1743,292,18,14,1,-1,-1,-1
468,1,1742,292,18,14,1,-1,-1,-1
469,1,1741,292,18,14,1,-1,-1,-1
470,1,1740,292,18,14,1,-1,-1,-1
471,1,1739,292,18,14,1,-1,-1,-1
472,1,1738,292,18,14,1,-1,-1,-1
474,1,1737,292,18,14,1,-1,-1,-1
475,1,1736,292,18,15,1,-1,-1,-1
476,1,1735,291,18,15,1,-1,-1,-1
477,1,1734,291,18,15,1,-1,-1,-1
479,1,1733,291,18,15,1,-1,-1,-1
480,1,1732,291,18,15,1,-1,-1,-1
481,1,1731,291,18,15,1,-1,-1,-1
482,1,1730,291,18,15,1,-1,-1,-1
483,1,1729,291,18,15,1,-1,-1,-1
484,1,1729,290,18,15,1,-1,-1,-1
485,1,1728,290,18,15,1,-1,-1,-1
486,1,1727,290,18,15,1,-1,-1,-1
487,1,1726,290,18,15,1,-1,-1,-1
488,1,1725,290,18,16,1,-1,-1,-1
490,1,1724,290,18,16,1,-1,-1,-1
491,1,1723,290,18,16,1,-1,-1,-1
492,1,1722,289,18,16,1,-1,-1,-1
493,1,1721,289,18,16,1,-1,-1,-1
494,1,1720,289,18,16,1,-1,-1,-1
496,1,1719,289,18,16,1,-1,-1,-1
497,1,1718,289,18,16,1,-1,-1,-1
498,1,1717,289,18,16,1,-1,-1,-1
499,1,1716,289,18,16,1,-1,-1,-1
500,1,1716,289,19,17,1,-1,-1,-1
501,1,1715,288,19,17,1,-1,-1,-1
502,1,1714,288,19,17,1,-1,-1,-1
503,1,1713,288,19,17,1,-1,-1,-1
504,1,1712,288,19,17,1,-1,-1,-1
505,1,1711,288,19,17,1,-1,-1,-1
506,1,1710,288,19,17,1,-1,-1,-1
507,1,1709,288,19,17,1,-1,-1,-1
508,1,1708,288,19,17,1,-1,-1,-1
509,1,1708,288,19,18,1,-1,-1,-1
510,1,1707,288,19,18,1,-1,-1,-1
511,1,1706,288,19,18,1,-1,-1,-1
512,1,1705,288,19,18,1,-1,-1,-1
513,1,1704,287,19,18,1,-1,-1,-1
514,1,1703,287,19,18,1,-1,-1,-1
515,1,1702,287,19,18,1,-1,-1,-1
516,1,1701,287,19,18,1,-1,-1,-1
517,1,1701,287,20,19,1,-1,-1,-1
518,1,1700,287,20,19,1,-1,-1,-1
519,1,1699,287,20,19,1,-1,-1,-1
520,1,1698,287,20,19,1,-1,-1,-1
521,1,1697,287,20,19,1,-1,-1,-1
522,1,1696,287,20,19,1,-1,-1,-1
523,1,1695,287,20,19,1,-1,-1,-1
524,1,1694,287,20,19,1,-1,-1,-1
525,1,1694,287,20,20,1,-1,-1,-1
526,1,1693,286,20,20,1,-1,-1,-1
527,1,1692,286,20,20,1,-1,-1,-1
528,1,1691,286,20,20,1,-1,-1,-1
529,1,1690,286,20,20,1,-1,-1,-1
530,1,1689,286,20,20,1,-1,-1,-1
531,1,1688,286,20,20,1,-1,-1,-1
532,1,1687,286,20,20,1,-1,-1,-1
533,1,1686,286,20,20,1,-1,-1,-1
534,1,1686,286,21,21,1,-1,-1,-1
535,1,1685,286,21,21,1,-1,-1,-1
536,1,1684,286,21,21,1,-1,-1,-1
537,1,1683,286,21,21,1,-1,-1,-1
538,1,1682,285,21,21,1,-1,-1,-1
539,1,1681,285,21,21,1,-1,-1,-1
540,1,1680,285,21,21,1,-1,-1,-1
541,1,1679,285,21,21,1,-1,-1,-1
542,1,1679,285,21,22,1,-1,-1,-1
543,1,1678,285,21,22,1,-1,-1,-1
544,1,1677,285,21,22,1,-1,-1,-1
545,1,1676,285,21,22,1,-1,-1,-1
546,1,1675,285,21,22,1,-1,-1,-1
547,1,1674,285,21,22,1,-1,-1,-1
548,1,1673,285,21,22,1,-1,-1,-1
549,1,1672,285,21,22,1,-1,-1,-1
550,1,1672,285,22,23,1,-1,-1,-1
551,1,1671,285,22,22,1,-1,-1,-1
552,1,1670,285,22,22,1,-1,-1,-1
553,1,1669,285,22,22,1,-1,-1,-1
554,1,1668,285,22,22,1,-1,-1,-1
555,1,1667,285,22,22,1,-1,-1,-1
556,1,1666,285,22,22,1,-1,-1,-1
557,1,1665,285,22,22,1,-1,-1,-1
558,1,1664,285,22,22,1,-1,-1,-1
559,1,1663,285,22,22,1,-1,-1,-1
560,1,1662,285,22,22,1,-1,-1,-1
561,1,1661,285,22,22,1,-1,-1,-1
562,1,1660,285,22,22,1,-1,-1,-1
563,1,1659,286,22,22,1,-1,-1,-1
564,1,1658,286,22,22,1,-1,-1,-1
565,1,1657,286,22,22,1,-1,-1,-1
566,1,1656,286,22,22,1,-1,-1,-1
567,1,1655,286,22,22,1,-1,-1,-1
568,1,1654,286,22,22,1,-1,-1,-1
569,1,1653,286,22,22,1,-1,-1,-1
570,1,1652,286,22,22,1,-1,-1,-1
571,1,1651,286,22,22,1,-1,-1,-1
572,1,1650,286,22,22,1,-1,-1,-1
573,1,1649,286,22,22,1,-1,-1,-1
574,1,1648,286,22,22,1,-1,-1,-1
575,1,1647,287,23,22,1,-1,-1,-1
576,1,1646,287,23,22,1,-1,-1,-1
577,1,1645,287,23,22,1,-1,-1,-1
578,1,1644,287,23,22,1,-1,-1,-1
579,1,1643,287,23,22,1,-1,-1,-1
580,1,1642,287,23,22,1,-1,-1,-1
581,1,1641,287,23,22,1,-1,-1,-1
582,1,1640,287,23,22,1,-1,-1,-1
583,1,1639,287,23,22,1,-1,-1,-1
584,1,1638,287,23,22,1,-1,-1,-1
585,1,1637,287,23,22,1,-1,-1,-1
586,1,1636,287,23,22,1,-1,-1,-1
587,1,1635,287,23,22,1,-1,-1,-1
588,1,1634,288,23,22,1,-1,-1,-1
589,1,1633,288,23,22,1,-1,-1,-1
590,1,1632,288,23,22,1,-1,-1,-1
591,1,1631,288,23,22,1,-1,-1,-1
592,1,1630,288,23,22,1,-1,-1,-1
593,1,1629,288,23,22,1,-1,-1,-1
594,1,1628,288,23,22,1,-1,-1,-1
595,1,1627,288,23,22,1,-1,-1,-1
596,1,1626,288,23,22,1,-1,-1,-1
597,1,1625,288,23,22,1,-1,-1,-1
598,1,1624,288,23,22,1,-1,-1,-1
599,1,1623,288,23,22,1,-1,-1,-1
600,1,1623,289,24,22,1,-1,-1,-1
601,1,1621,289,24,22,1,-1,-1,-1
602,1,1620,289,24,22,1,-1,-1,-1
603,1,1619,289,24,22,1,-1,-1,-1
604,1,1618,289,24,22,1,-1,-1,-1
605,1,1616,289,24,22,1,-1,-1,-1
606,1,1615,289,24,22,1,-1,-1,-1
607,1,1614,289,24,22,1,-1,-1,-1
608,1,1613,289,24,22,1,-1,-1,-1
609,1,1612,289,24,22,1,-1,-1,-1
610,1,1610,289,24,22,1,-1,-1,-1
611,1,1609,289,24,22,1,-1,-1,-1
612,1,1608,289,24,22,1,-1,-1,-1
613,1,1607,290,24,22,1,-1,-1,-1
614,1,1605,290,24,22,1,-1,-1,-1
615,1,1604,290,24,22,1,-1,-1,-1
616,1,1603,290,24,22,1,-1,-1,-1
617,1,1602,290,24,23,1,-1,-1,-1
618,1,1601,290,24,23,1,-1,-1,-1
619,1,1599,290,24,23,1,-1,-1,-1
620,1,1598,290,24,23,1,-1,-1,-1
621,1,1597,290,24,23,1,-1,-1,-1
622,1,1596,290,24,23,1,-1,-1,-1
623,1,1594,290,24,23,1,-1,-1,-1
624,1,1593,290,24,23,1,-1,-1,-1
625,1,1592,291,24,23,1,-1,-1,-1
626,1,1591,291,24,23,1,-1,-1,-1
627,1,1590,291,24,23,1,-1,-1,-1
628,1,1588,291,24,23,1,-1,-1,-1
629,1,1587,291,24,23,1,-1,-1,-1
630,1,1586,291,24,23,1,-1,-1,-1
631,1,1585,291,24,23,1,-1,-1,-1
632,1,1583,291,24,23,1,-1,-1,-1
633,1,1582,291,24,23,1,-1,-1,-1
634,1,1581,291,24,24,1,-1,-1,-1
635,1,1580,291,24,24,1,-1,-1,-1
636,1,1579,291,24,24,1,-1,-1,-1
637,1,1577,291,24,24,1,-1,-1,-1
638,1,1576,292,24,24,1,-1,-1,-1
639,1,1575,292,24,24,1,-1,-1,-1
640,1,1574,292,24,24,1,-1,-1,-1
641,1,1572,292,24,24,1,-1,-1,-1
642,1,1571,292,24,24,1,-1,-1,-1
643,1,1570,292,24,24,1,-1,-1,-1
644,1,1569,292,24,24,1,-1,-1,-1
645,1,1568,292,24,24,1,-1,-1,-1
646,1,1566,292,24,24,1,-1,-1,-1
647,1,1565,292,24,24,1,-1,-1,-1
648,1,1564,292,24,24,1,-1,-1,-1
649,1,1563,292,24,24,1,-1,-1,-1
650,1,1562,293,24,25,1,-1,-1,-1
651,1,1560,293,24,25,1,-1,-1,-1
652,1,1559,293,24,25,1,-1,-1,-1
653,1,1557,293,24,25,1,-1,-1,-1
654,1,1556,293,24,25,1,-1,-1,-1
655,1,1554,293,24,25,1,-1,-1,-1
656,1,1553,293,24,25,1,-1,-1,-1
657,1,1552,293,24,25,1,-1,-1,-1
658,1,1550,294,24,25,1,-1,-1,-1
659,1,1549,294,24,25,1,-1,-1,-1
660,1,1547,294,24,25,1,-1,-1,-1
661,1,1546,294,24,25,1,-1,-1,-1
662,1,1545,294,25,25,1,-1,-1,-1
663,1,1543,294,25,25,1,-1,-1,-1
664,1,1542,294,25,25,1,-1,-1,-1
665,1,1540,294,25,25,1,-1,-1,-1
666,1,1539,295,25,25,1,-1,-1,-1
667,1,1537,295,25,25,1,-1,-1,-1
668,1,1536,295,25,25,1,-1,-1,-1
669,1,1535,295,25,25,1,-1,-1,-1
670,1,1533,295,25,25,1,-1,-1,-1
671,1,1532,295,25,25,1,-1,-1,-1
672,1,1530,295,25,25,1,-1,-1,-1
673,1,1529,295,25,25,1,-1,-1,-1
674,1,1528,296,26,26,1,-1,-1,-1
675,1,1526,296,26,26,1,-1,-1,-1
676,1,1524,296,26,26,1,-1,-1,-1
677,1,1522,296,26,26,1,-1,-1,-1
678,1,1521,296,26,26,1,-1,-1,-1
679,1,1519,296,26,26,1,-1,-1,-1
680,1,1517,296,26,26,1,-1,-1,-1
681,1,1516,296,27,26,1,-1,-1,-1
682,1,1514,296,27,26,1,-1,-1,-1
683,1,1512,297,27,27,1,-1,-1,-1
684,1,1511,297,27,27,1,-1,-1,-1
685,1,1509,297,27,27,1,-1,-1,-1
686,1,1507,297,27,27,1,-1,-1,-1
687,1,1506,297,28,27,1,-1,-1,-1
688,1,1504,297,28,27,1,-1,-1,-1
689,1,1502,297,28,27,1,-1,-1,-1
690,1,1500,297,28,27,1,-1,-1,-1
691,1,1499,297,28,27,1,-1,-1,-1
692,1,1497,298,28,28,1,-1,-1,-1
693,1,1495,298,28,28,1,-1,-1,-1
694,1,1494,298,29,28,1,-1,-1,-1
695,1,1492,298,29,28,1,-1,-1,-1
696,1,1490,298,29,28,1,-1,-1,-1
697,1,1489,298,29,28,1,-1,-1,-1
698,1,1487,298,29,28,1,-1,-1,-1
699,1,1485,298,29,28,1,-1,-1,-1
700,1,1484,299,30,29,1,-1,-1,-1
701,1,1482,299,30,29,1,-1,-1,-1
702,1,1480,299,30,29,1,-1,-1,-1
703,1,1478,299,30,29,1,-1,-1,-1
704,1,1477,299,30,29,1,-1,-1,-1
705,1,1475,299,30,29,1,-1,-1,-1
706,1,1473,299,30,29,1,-1,-1,-1
707,1,1471,299,30,29,1,-1,-1,-1
708,1,1470,299,30,29,1,-1,-1,-1
709,1,1468,299,30,29,1,-1,-1,-1
710,1,1466,299,30,29,1,-1,-1,-1
711,1,1465,299,30,29,1,-1,-1,-1
712,1,1463,299,30,29,1,-1,-1,-1
713,1,1461,299,30,30,1,-1,-1,-1
714,1,1459,299,30,30,1,-1,-1,-1
715,1,1458,299,30,30,1,-1,-1,-1
716,1,1456,299,30,30,1,-1,-1,-1
717,1,1454,299,30,30,1,-1,-1,-1
718,1,1453,299,30,30,1,-1,-1,-1
719,1,1451,299,30,30,1,-1,-1,-1
720,1,1449,299,30,30,1,-1,-1,-1
721,1,1447,299,30,30,1,-1,-1,-1
722,1,1446,299,30,30,1,-1,-1,-1
723,1,1444,299,30,30,1,-1,-1,-1
724,1,1442,299,30,30,1,-1,-1,-1
725,1,1441,300,30,31,1,-1,-1,-1
726,1,1439,300,30,31,1,-1,-1,-1
727,1,1437,300,30,31,1,-1,-1,-1
728,1,1435,300,30,31,1,-1,-1,-1
729,1,1434,300,30,31,1,-1,-1,-1
730,1,1432,300,30,31,1,-1,-1,-1
731,1,1430,300,30,31,1,-1,-1,-1
732,1,1428,300,30,31,1,-1,-1,-1
733,1,1427,300,30,31,1,-1,-1,-1
734,1,1425,300,30,31,1,-1,-1,-1
735,1,1423,300,30,31,1,-1,-1,-1
736,1,1422,300,30,31,1,-1,-1,-1
737,1,1420,300,30,31,1,-1,-1,-1
738,1,1418,300,30,32,1,-1,-1,-1
739,1,1416,300,30,32,1,-1,-1,-1
740,1,1415,300,30,32,1,-1,-1,-1
741,1,1413,300,30,32,1,-1,-1,-1
742,1,1411,300,30,32,1,-1,-1,-1
743,1,1410,300,30,32,1,-1,-1,-1
744,1,1408,300,30,32,1,-1,-1,-1
745,1,1406,300,30,32,1,-1,-1,-1
746,1,1404,300,30,32,1,-1,-1,-1
747,1,1403,300,30,32,1,-1,-1,-1
748,1,1401,300,30,32,1,-1,-1,-1
749,1,1399,300,30,32,1,-1,-1,-1
750,1,1398,301,31,33,1,-1,-1,-1
751,1,1396,301,31,33,1,-1,-1,-1
752,1,1394,301,31,33,1,-1,-1,-1
753,1,1392,301,31,33,1,-1,-1,-1
754,1,1391,301,31,33,1,-1,-1,-1
755,1,1389,301,31,33,1,-1,-1,-1
756,1,1387,301,32,33,1,-1,-1,-1
757,1,1385,301,32,33,1,-1,-1,-1
758,1,1384,301,32,33,1,-1,-1,-1
759,1,1382,301,32,33,1,-1,-1,-1
760,1,1380,301,32,33,1,-1,-1,-1
761,1,1378,301,32,33,1,-1,-1,-1
762,1,1377,301,33,33,1,-1,-1,-1
763,1,1375,301,33,33,1,-1,-1,-1
764,1,1373,301,33,33,1,-1,-1,-1
765,1,1371,301,33,33,1,-1,-1,-1
766,1,1370,301,33,33,1,-1,-1,-1
767,1,1368,301,34,33,1,-1,-1,-1
768,1,1366,301,34,33,1,-1,-1,-1
769,1,1364,301,34,33,1,-1,-1,-1
770,1,1363,301,34,33,1,-1,-1,-1
771,1,1361,301,34,33,1,-1,-1,-1
772,1,1359,301,34,33,1,-1,-1,-1
773,1,1357,301,35,33,1,-1,-1,-1
774,1,1356,301,35,33,1,-1,-1,-1
775,1,1354,302,35,33,1,-1,-1,-1
776,1,1352,302,35,33,1,-1,-1,-1
777,1,1351,302,35,33,1,-1,-1,-1
778,1,1349,302,36,33,1,-1,-1,-1
779,1,1347,302,36,33,1,-1,-1,-1
780,1,1345,302,36,33,1,-1,-1,-1
781,1,1344,302,36,33,1,-1,-1,-1
782,1,1342,302,36,33,1,-1,-1,-1
783,1,1340,302,36,33,1,-1,-1,-1
784,1,1338,302,37,33,1,-1,-1,-1
785,1,1337,302,37,33,1,-1,-1,-1
786,1,1335,302,37,33,1,-1,-1,-1
787,1,1333,302,37,33,1,-1,-1,-1
788,1,1331,302,37,33,1,-1,-1,-1
789,1,1330,302,38,33,1,-1,-1,-1
790,1,1328,302,38,33,1,-1,-1,-1
791,1,1326,302,38,33,1,-1,-1,-1
792,1,1324,302,38,33,1,-1,-1,-1
793,1,1323,302,38,33,1,-1,-1,-1
794,1,1321,302,38,33,1,-1,-1,-1
795,1,1319,302,39,33,1,-1,-1,-1
796,1,1317,302,39,33,1,-1,-1,-1
797,1,1316,302,39,33,1,-1,-1,-1
798,1,1314,302,39,33,1,-1,-1,-1
799,1,1312,302,39,33,1,-1,-1,-1
800,1,1311,303,40,34,1,-1,-1,-1
801,1,1308,302,40,34,1,-1,-1,-1
802,1,1306,302,40,34,1,-1,-1,-1
803,1,1304,302,40,34,1,-1,-1,-1
804,1,1301,302,41,35,1,-1,-1,-1
805,1,1299,302,41,35,1,-1,-1,-1
806,1,1297,302,41,35,1,-1,-1,-1
807,1,1295,302,42,36,1,-1,-1,-1
808,1,1292,302,42,36,1,-1,-1,-1
809,1,1290,302,42,36,1,-1,-1,-1
810,1,1288,301,43,36,1,-1,-1,-1
811,1,1285,301,43,37,1,-1,-1,-1
812,1,1283,301,43,37,1,-1,-1,-1
813,1,1281,301,44,37,1,-1,-1,-1
814,1,1279,301,44,38,1,-1,-1,-1
815,1,1276,301,44,38,1,-1,-1,-1
816,1,1274,301,45,38,1,-1,-1,-1
817,1,1272,301,45,38,1,-1,-1,-1
818,1,1269,301,45,39,1,-1,-1,-1
819,1,1267,300,46,39,1,-1,-1,-1
820,1,1265,300,46,39,1,-1,-1,-1
821,1,1263,300,46,40,1,-1,-1,-1
822,1,1260,300,47,40,1,-1,-1,-1
823,1,1258,300,47,40,1,-1,-1,-1
824,1,1256,300,47,40,1,-1,-1,-1
825,1,1253,300,48,41,1,-1,-1,-1
826,1,1251,300,48,41,1,-1,-1,-1
827,1,1249,300,48,41,1,-1,-1,-1
828,1,1247,300,49,42,1,-1,-1,-1
829,1,1244,300,49,42,1,-1,-1,-1
830,1,1241,300,49,42,1,-1,-1,-1
831,1,1238,300,50,42,1,-1,-1,-1
832,1,1235,300,50,42,1,-1,-1,-1
833,1,1232,300,50,42,1,-1,-1,-1
834,1,1230,300,51,43,1,-1,-1,-1
835,1,1227,300,51,43,1,-1,-1,-1
836,1,1224,300,51,43,1,-1,-1,-1
837,1,1221,300,52,43,1,-1,-1,-1
838,1,1218,300,52,43,1,-1,-1,-1
839,1,1216,300,53,44,1,-1,-1,-1
840,1,1213,300,53,44,1,-1,-1,-1
841,1,1210,300,53,44,1,-1,-1,-1
842,1,1207,300,54,44,1,-1,-1,-1
843,1,1204,300,54,44,1,-1,-1,-1
844,1,1201,300,54,44,1,-1,-1,-1
845,1,1199,300,55,45,1,-1,-1,-1
846,1,1196,300,55,45,1,-1,-1,-1
847,1,1193,300,55,45,1,-1,-1,-1
848,1,1190,300,56,45,1,-1,-1,-1
849,1,1187,300,56,45,1,-1,-1,-1
850,1,1185,301,57,46,1,-1,-1,-1
851,1,1181,301,57,46,1,-1,-1,-1
852,1,1178,301,57,46,1,-1,-1,-1
853,1,1175,301,57,46,1,-1,-1,-1
854,1,1172,301,57,46,1,-1,-1,-1
855,1,1169,301,57,47,1,-1,-1,-1
856,1,1165,301,57,47,1,-1,-1,-1
857,1,1162,302,57,47,1,-1,-1,-1
858,1,1159,302,58,47,1,-1,-1,-1
859,1,1156,302,58,47,1,-1,-1,-1
860,1,1153,302,58,48,1,-1,-1,-1
861,1,1149,302,58,48,1,-1,-1,-1
862,1,1146,302,58,48,1,-1,-1,-1
863,1,1143,303,58,48,1,-1,-1,-1
864,1,1140,303,58,48,1,-1,-1,-1
865,1,1137,303,59,49,1,-1,-1,-1
866,1,1133,303,59,49,1,-1,-1,-1
867,1,1130,303,59,49,1,-1,-1,-1
868,1,1127,303,59,49,1,-1,-1,-1
869,1,1124,304,59,49,1,-1,-1,-1
870,1,1121,304,59,50,1,-1,-1,-1
871,1,1117,304,59,50,1,-1,-1,-1
872,1,1114,304,60,50,1,-1,-1,-1
873,1,1111,304,60,50,1,-1,-1,-1
874,1,1108,304,60,50,1,-1,-1,-1
875,1,1105,305,60,51,1,-1,-1,-1
876,1,1101,305,60,51,1,-1,-1,-1
877,1,1098,305,60,51,1,-1,-1,-1
878,1,1095,305,60,51,1,-1,-1,-1
879,1,1092,305,61,51,1,-1,-1,-1
880,1,1089,305,61,52,1,-1,-1,-1
881,1,1085,305,61,52,1,-1,-1,-1
882,1,1082,306,61,52,1,-1,-1,-1
883,1,1079,306,61,52,1,-1,-1,-1
884,1,1076,306,61,52,1,-1,-1,-1
885,1,1073,306,61,53,1,-1,-1,-1
886,1,1069,306,62,53,1,-1,-1,-1
887,1,1066,306,62,53,1,-1,-1,-1
888,1,1063,307,62,53,1,-1,-1,-1
889,1,1060,307,62,53,1,-1,-1,-1
890,1,1057,307,62,54,1,-1,-1,-1
891,1,1053,307,62,54,1,-1,-1,-1
892,1,1050,307,62,54,1,-1,-1,-1
893,1,1047,307,63,54,1,-1,-1,-1
894,1,1044,308,63,54,1,-1,-1,-1
895,1,1041,308,63,55,1,-1,-1,-1
896,1,1037,308,63,55,1,-1,-1,-1
897,1,1034,308,63,55,1,-1,-1,-1
898,1,1031,308,63,55,1,-1,-1,-1
899,1,1028,308,63,55,1,-1,-1,-1
900,1,1025,309,64,56,1,-1,-1,-1
901,1,1021,309,64,56,1,-1,-1,-1
902,1,1018,310,64,56,1,-1,-1,-1
903,1,1014,310,64,56,1,-1,-1,-1
904,1,1011,311,65,56,1,-1,-1,-1
905,1,1007,311,65,56,1,-1,-1,-1
906,1,1004,312,65,56,1,-1,-1,-1
907,1,1000,312,65,56,1,-1,-1,-1
908,1,997,313,66,56,1,-1,-1,-1
909,1,993,313,66,56,1,-1,-1,-1
910,1,990,314,66,56,1,-1,-1,-1
911,1,986,314,66,56,1,-1,-1,-1
912,1,983,315,67,56,1,-1,-1,-1
913,1,979,315,67,56,1,-1,-1,-1
914,1,976,316,67,56,1,-1,-1,-1
915,1,972,316,67,56,1,-1,-1,-1
916,1,969,317,68,56,1,-1,-1,-1
917,1,965,317,68,56,1,-1,-1,-1
918,1,962,318,68,56,1,-1,-1,-1
919,1,958,318,68,56,1,-1,-1,-1
920,1,955,319,69,56,1,-1,-1,-1
921,1,951,319,69,56,1,-1,-1,-1
922,1,948,320,69,56,1,-1,-1,-1
923,1,944,320,69,56,1,-1,-1,-1
924,1,941,321,70,56,1,-1,-1,-1
925,1,937,321,70,56,1,-1,-1,-1
926,1,933,322,70,56,1,-1,-1,-1
927,1,929,322,70,56,1,-1,-1,-1
928,1,925,323,71,56,1,-1,-1,-1
929,1,921,323,71,56,1,-1,-1,-1
930,1,917,324,71,56,1,-1,-1,-1
931,1,913,324,71,56,1,-1,-1,-1
932,1,909,325,72,56,1,-1,-1,-1
933,1,905,325,72,56,1,-1,-1,-1
934,1,901,326,72,56,1,-1,-1,-1
935,1,897,326,72,56,1,-1,-1,-1
936,1,893,327,73,56,1,-1,-1,-1
937,1,890,327,73,57,1,-1,-1,-1
938,1,886,328,73,57,1,-1,-1,-1
939,1,882,328,74,57,1,-1,-1,-1
940,1,878,329,74,57,1,-1,-1,-1
941,1,874,329,74,57,1,-1,-1,-1
942,1,870,330,74,57,1,-1,-1,-1
943,1,866,330,75,57,1,-1,-1,-1
944,1,862,331,75,57,1,-1,-1,-1
945,1,858,331,75,57,1,-1,-1,-1
946,1,854,332,75,57,1,-1,-1,-1
947,1,850,332,76,57,1,-1,-1,-1
948,1,846,333,76,57,1,-1,-1,-1
949,1,842,333,76,57,1,-1,-1,-1
950,1,839,334,77,58,1,-1,-1,-1
951,1,834,334,77,58,1,-1,-1,-1
952,1,830,334,78,58,1,-1,-1,-1
953,1,825,334,78,59,1,-1,-1,-1
954,1,821,335,79,59,1,-1,-1,-1
955,1,816,335,80,60,1,-1,-1,-1
956,1,812,335,80,60,1,-1,-1,-1
957,1,807,335,81,60,1,-1,-1,-1
958,1,803,336,82,61,1,-1,-1,-1
959,1,798,336,82,61,1,-1,-1,-1
960,1,794,336,83,62,1,-1,-1,-1
961,1,789,336,83,62,1,-1,-1,-1
962,1,785,337,84,63,1,-1,-1,-1
963,1,781,337,85,63,1,-1,-1,-1
964,1,776,337,85,63,1,-1,-1,-1
965,1,772,337,86,64,1,-1,-1,-1
966,1,767,338,87,64,1,-1,-1,-1
967,1,763,338,87,65,1,-1,-1,-1
968,1,758,338,88,65,1,-1,-1,-1
969,1,754,338,88,65,1,-1,-1,-1
970,1,749,339,89,66,1,-1,-1,-1
971,1,745,339,90,66,1,-1,-1,-1
972,1,740,339,90,67,1,-1,-1,-1
973,1,736,339,91,67,1,-1,-1,-1
974,1,732,340,92,68,1,-1,-1,-1
975,1,726,340,92,68,1,-1,-1,-1
976,1,720,340,93,68,1,-1,-1,-1
977,1,714,340,94,69,1,-1,-1,-1
978,1,709,341,94,69,1,-1,-1,-1
979,1,703,341,95,70,1,-1,-1,-1
980,1,697,341,96,70,1,-1,-1,-1
981,1,692,342,96,70,1,-1,-1,-1
982,1,686,342,97,71,1,-1,-1,-1
983,1,680,342,98,71,1,-1,-1,-1
984,1,675,343,98,72,1,-1,-1,-1
985,1,669,343,99,72,1,-1,-1,-1
986,1,663,343,100,73,1,-1,-1,-1
987,1,658,344,101,73,1,-1,-1,-1
988,1,652,344,101,73,1,-1,-1,-1
989,1,646,344,102,74,1,-1,-1,-1
990,1,640,344,103,74,1,-1,-1,-1
991,1,635,345,103,75,1,-1,-1,-1
992,1,629,345,104,75,1,-1,-1,-1
993,1,623,345,105,76,1,-1,-1,-1
994,1,618,346,105,76,1,-1,-1,-1
995,1,612,346,106,76,1,-1,-1,-1
996,1,606,346,107,77,1,-1,-1,-1
997,1,601,347,107,77,1,-1,-1,-1
998,1,595,347,108,78,1,-1,-1,-1
999,1,589,347,109,78,1,-1,-1,-1
1000,1,584,348,110,79,1,-1,-1,-1
1001,1,577,348,110,79,1,-1,-1,-1
1002,1,570,349,111,79,1,-1,-1,-1
1003,1,563,350,111,79,1,-1,-1,-1
1004,1,557,350,112,79,1,-1,-1,-1
1005,1,550,351,113,79,1,-1,-1,-1
1006,1,543,352,113,79,1,-1,-1,-1
1007,1,536,353,114,80,1,-1,-1,-1
1008,1,530,353,115,80,1,-1,-1,-1
1009,1,523,354,115,80,1,-1,-1,-1
1010,1,516,355,116,80,1,-1,-1,-1
1011,1,509,356,116,80,1,-1,-1,-1
1012,1,503,356,117,80,1,-1,-1,-1
1013,1,496,357,118,81,1,-1,-1,-1
1014,1,489,358,118,81,1,-1,-1,-1
1015,1,482,359,119,81,1,-1,-1,-1
1016,1,476,359,120,81,1,-1,-1,-1
1017,1,469,360,120,81,1,-1,-1,-1
1018,1,462,361,121,81,1,-1,-1,-1
1019,1,456,362,122,82,1,-1,-1,-1
1020,1,448,362,122,82,1,-1,-1,-1
1021,1,441,363,123,82,1,-1,-1,-1
1022,1,434,364,123,82,1,-1,-1,-1
1023,1,427,365,124,82,1,-1,-1,-1
1024,1,420,366,124,82,1,-1,-1,-1
1025,1,413,367,125,83,1,-1,-1,-1
1026,1,405,367,126,83,1,-1,-1,-1
1027,1,398,368,126,83,1,-1,-1,-1
1028,1,391,369,127,83,1,-1,-1,-1
1029,1,384,370,127,83,1,-1,-1,-1
1030,1,377,371,128,83,1,-1,-1,-1
1031,1,370,372,129,84,1,-1,-1,-1
1032,1,362,372,129,84,1,-1,-1,-1
1033,1,354,373,130,84,1,-1,-1,-1
1034,1,346,374,131,84,1,-1,-1,-1
1035,1,339,375,131,85,1,-1,-1,-1
1036,1,331,375,132,85,1,-1,-1,-1
1037,1,323,376,133,85,1,-1,-1,-1
1038,1,315,377,133,85,1,-1,-1,-1
1039,1,308,378,134,86,1,-1,-1,-1
1040,1,300,379,135,86,1,-1,-1,-1
1041,1,292,379,135,86,1,-1,-1,-1
1042,1,284,380,136,86,1,-1,-1,-1
1043,1,277,381,137,87,1,-1,-1,-1
1044,1,269,382,137,87,1,-1,-1,-1
1045,1,261,383,138,87,1,-1,-1,-1
1046,1,253,383,139,87,1,-1,-1,-1
1047,1,246,384,139,88,1,-1,-1,-1
1048,1,238,385,140,88,1,-1,-1,-1
1049,1,230,386,141,88,1,-1,-1,-1
1050,1,223,387,142,89,1,-1,-1,-1
1051,1,214,387,142,89,1,-1,-1,-1
1052,1,206,388,143,89,1,-1,-1,-1
1053,1,197,389,143,89,1,-1,-1,-1
1054,1,189,390,144,89,1,-1,-1,-1
1055,1,181,391,144,89,1,-1,-1,-1
1056,1,172,392,145,89,1,-1,-1,-1
1057,1,164,393,145,89,1,-1,-1,-1
1058,1,155,394,146,89,1,-1,-1,-1
1059,1,147,395,146,89,1,-1,-1,-1
1060,1,139,396,147,89,1,-1,-1,-1
1061,1,130,397,147,89,1,-1,-1,-1
1062,1,122,398,148,89,1,-1,-1,-1
1063,1,114,399,148,89,1,-1,-1,-1
1064,1,105,400,149,89,1,-1,-1,-1
1065,1,97,401,149,89,1,-1,-1,-1
1066,1,88,402,150,89,1,-1,-1,-1
1067,1,80,403,150,89,1,-1,-1,-1
1068,1,72,404,151,89,1,-1,-1,-1
1069,1,63,405,151,89,1,-1,-1,-1
1070,1,55,406,152,89,1,-1,-1,-1
1071,1,46,407,152,89,1,-1,-1,-1
1072,1,38,408,153,89,1,-1,-1,-1
1073,1,30,409,153,89,1,-1,-1,-1
1074,1,21,410,154,89,1,-1,-1,-1
1075,1,13,411,154,89,1,-1,-1,-1
1076,1,5,412,155,90,1,-1,-1,-1
1077,1,0,413,150,89,1,-1,-1,-1
1078,1,0,414,141,88,1,-1,-1,-1
1079,1,0,415,133,87,1,-1,-1,-1
1080,1,0,416,125,87,1,-1,-1,-1
1081,1,0,417,117,86,1,-1,-1,-1
1082,1,0,418,109,85,1,-1,-1,-1
1083,1,0,419,101,85,1,-1,-1,-1
1084,1,0,420,93,84,1,-1,-1,-1
1085,1,0,421,85,83,1,-1,-1,-1
1086,1,0,422,77,83,1,-1,-1,-1
1087,1,0,423,69,82,1,-1,-1,-1
1088,1,0,424,61,81,1,-1,-1,-1
1089,1,0,426,53,81,1,-1,-1,-1
1090,1,0,425,45,81,1,-1,-1,-1
1091,1,0,425,37,81,1,-1,-1,-1
1092,1,0,425,29,81,1,-1,-1,-1
1093,1,0,425,21,81,1,-1,-1,-1
1094,1,0,444,11,61,1,-1,-1,-1
3508,1,0,631,10,23,1,-1,-1,-1
3509,1,0,627,30,43,1,-1,-1,-1
3510,1,0,624,50,47,1,-1,-1,-1
3511,1,0,621,70,52,1,-1,-1,-1
3512,1,0,618,90,56,1,-1,-1,-1
3513,1,0,615,111,61,1,-1,-1,-1
3514,1,0,610,130,64,1,-1,-1,-1
3515,1,0,606,150,67,1,-1,-1,-1
3516,1,0,602,170,70,1,-1,-1,-1
3517,1,0,597,190,73,1,-1,-1,-1
3518,1,0,593,210,76,1,-1,-1,-1
3519,1,0,589,230,79,1,-1,-1,-1
3520,1,0,538,253,128,1,-1,-1,-1
3521,1,11,527,261,136,1,-1,-1,-1
3522,1,32,511,256,151,1,-1,-1,-1
3523,1,50,508,255,150,1,-1,-1,-1
3524,1,69,506,255,149,1,-1,-1,-1
3525,1,88,504,255,148,1,-1,-1,-1
3526,1,107,501,254,147,1,-1,-1,-1
3527,1,125,499,254,146,1,-1,-1,-1
3528,1,144,497,254,145,1,-1,-1,-1
3529,1,163,494,254,144,1,-1,-1,-1
3530,1,182,492,253,143,1,-1,-1,-1
3531,1,201,490,253,142,1,-1,-1,-1
3532,1,219,487,253,141,1,-1,-1,-1
3533,1,238,485,252,140,1,-1,-1,-1
3534,1,257,483,252,139,1,-1,-1,-1
3535,1,276,480,252,138,1,-1,-1,-1
3536,1,294,478,252,137,1,-1,-1,-1
3537,1,313,476,251,136,1,-1,-1,-1
3538,1,332,473,251,135,1,-1,-1,-1
3539,1,351,471,251,134,1,-1,-1,-1
3540,1,370,469,251,133,1,-1,-1,-1
3541,1,387,467,250,132,1,-1,-1,-1
3542,1,404,465,249,131,1,-1,-1,-1
3543,1,421,463,248,131,1,-1,-1,-1
3544,1,438,461,247,130,1,-1,-1,-1
3545,1,455,460,246,129,1,-1,-1,-1
3546,1,472,458,245,129,1,-1,-1,-1
3547,1,489,456,244,128,1,-1,-1,-1
3548,1,506,454,243,127,1,-1,-1,-1
3549,1,523,452,242,127,1,-1,-1,-1
3550,1,541,451,242,126,1,-1,-1,-1
3551,1,558,449,241,125,1,-1,-1,-1
3552,1,575,447,240,125,1,-1,-1,-1
3553,1,592,445,239,124,1,-1,-1,-1
3554,1,609,443,238,123,1,-1,-1,-1
3555,1,626,442,237,123,1,-1,-1,-1
3556,1,643,440,236,122,1,-1,-1,-1
3557,1,660,438,235,121,1,-1,-1,-1
3558,1,677,436,234,121,1,-1,-1,-1
3559,1,694,434,233,120,1,-1,-1,-1
3560,1,712,433,233,120,1,-1,-1,-1
3561,1,727,431,231,119,1,-1,-1,-1
3562,1,742,429,229,118,1,-1,-1,-1
3563,1,757,428,227,118,1,-1,-1,-1
3564,1,772,426,225,117,1,-1,-1,-1
3565,1,787,425,223,116,1,-1,-1,-1
3566,1,802,423,221,116,1,-1,-1,-1
3567,1,817,421,219,115,1,-1,-1,-1
3568,1,832,420,217,114,1,-1,-1,-1
3569,1,847,418,215,114,1,-1,-1,-1
3570,1,862,417,213,113,1,-1,-1,-1
3571,1,877,415,211,112,1,-1,-1,-1
3572,1,892,414,210,112,1,-1,-1,-1
3573,1,905,412,208,111,1,-1,-1,-1
3574,1,919,411,206,111,1,-1,-1,-1
3575,1,932,410,204,110,1,-1,-1,-1
3576,1,946,409,203,110,1,-1,-1,-1
3577,1,959,407,201,109,1,-1,-1,-1
3578,1,973,406,199,109,1,-1,-1,-1
3579,1,986,405,197,108,1,-1,-1,-1
3580,1,1000,404,196,108,1,-1,-1,-1
3581,1,1012,403,194,107,1,-1,-1,-1
3582,1,1024,402,193,107,1,-1,-1,-1
3583,1,1036,401,191,107,1,-1,-1,-1
3584,1,1048,400,190,106,1,-1,-1,-1
3585,1,1060,400,189,106,1,-1,-1,-1
3586,1,1072,399,187,106,1,-1,-1,-1
3587,1,1084,398,186,105,1,-1,-1,-1
3588,1,1096,397,184,105,1,-1,-1,-1
3589,1,1108,396,183,105,1,-1,-1,-1
3590,1,1120,396,182,105,1,-1,-1,-1
3591,1,1130,394,180,104,1,-1,-1,-1
3592,1,1141,392,179,104,1,-1,-1,-1
3593,1,1152,391,178,104,1,-1,-1,-1
3594,1,1163,389,176,104,1,-1,-1,-1
3595,1,1174,388,175,104,1,-1,-1,-1
3596,1,1184,386,174,103,1,-1,-1,-1
3597,1,1195,384,172,103,1,-1,-1,-1
3598,1,1206,383,171,103,1,-1,-1,-1
3599,1,1217,381,170,103,1,-1,-1,-1
3600,1,1228,380,169,103,1,-1,-1,-1
3601,1,1237,379,167,102,1,-1,-1,-1
3602,1,1246,379,165,101,1,-1,-1,-1
3603,1,1255,379,164,100,1,-1,-1,-1
3604,1,1264,379,162,99,1,-1,-1,-1
3605,1,1273,379,161,98,1,-1,-1,-1
3606,1,1291,379,159,97,1,-1,-1,-1
3607,1,1299,379,157,96,1,-1,-1,-1
3608,1,1308,379,155,95,1,-1,-1,-1
3609,1,1316,379,154,94,1,-1,-1,-1
3610,1,1325,379,152,93,1,-1,-1,-1
3611,1,1333,379,151,93,1,-1,-1,-1
3612,1,1342,379,149,92,1,-1,-1,-1
3613,1,1350,379,148,91,1,-1,-1,-1
3614,1,1359,379,146,90,1,-1,-1,-1
3615,1,1367,379,144,89,1,-1,-1,-1
3616,1,1376,379,143,89,1,-1,-1,-1
3617,1,1384,379,141,88,1,-1,-1,-1
3618,1,1393,379,140,87,1,-1,-1,-1
3619,1,1401,379,138,86,1,-1,-1,-1
3620,1,1410,379,137,86,1,-1,-1,-1
3621,1,1416,378,136,85,1,-1,-1,-1
3622,1,1423,378,135,85,1,-1,-1,-1
3623,1,1430,378,134,84,1,-1,-1,-1
3624,1,1437,378,133,84,1,-1,-1,-1
3625,1,1444,378,132,83,1,-1,-1,-1
3626,1,1451,377,131,83,1,-1,-1,-1
3627,1,1458,377,130,82,1,-1,-1,-1
3628,1,1465,377,129,82,1,-1,-1,-1
3629,1,1472,377,128,81,1,-1,-1,-1
3630,1,1479,377,127,81,1,-1,-1,-1
3631,1,1485,376,126,80,1,-1,-1,-1
3632,1,1492,376,125,80,1,-1,-1,-1
3633,1,1499,376,124,79,1,-1,-1,-1
3634,1,1506,376,123,79,1,-1,-1,-1
3635,1,1513,376,122,78,1,-1,-1,-1
3636,1,1520,375,121,78,1,-1,-1,-1
3637,1,1527,375,120,77,1,-1,-1,-1
3638,1,1534,375,119,77,1,-1,-1,-1
3639,1,1541,375,118,76,1,-1,-1,-1
3640,1,1548,375,118,76,1,-1,-1,-1
3641,1,1553,374,117,75,1,-1,-1,-1
3642,1,1559,374,116,75,1,-1,-1,-1
3643,1,1564,374,115,74,1,-1,-1,-1
3644,1,1570,374,114,74,1,-1,-1,-1
3645,1,1576,374,114,74,1,-1,-1,-1
3646,1,1581,374,113,73,1,-1,-1,-1
3647,1,1587,374,112,73,1,-1,-1,-1
3648,1,1593,374,111,72,1,-1,-1,-1
3649,1,1598,374,110,72,1,-1,-1,-1
3650,1,1604,374,110,72,1,-1,-1,-1
3651,1,1610,373,109,71,1,-1,-1,-1
3652,1,1615,373,108,71,1,-1,-1,-1
3653,1,1621,373,107,70,1,-1,-1,-1
3654,1,1627,373,106,70,1,-1,-1,-1
3655,1,1632,373,106,70,1,-1,-1,-1
3656,1,1638,373,105,69,1,-1,-1,-1
3657,1,1644,373,104,69,1,-1,-1,-1
3658,1,1649,373,103,68,1,-1,-1,-1
3659,1,1655,373,102,68,1,-1,-1,-1
3660,1,1661,373,102,68,1,-1,-1,-1
3661,1,1665,373,101,67,1,-1,-1,-1
3662,1,1670,373,101,67,1,-1,-1,-1
3663,1,1674,373,100,67,1,-1,-1,-1
3664,1,1679,373,100,66,1,-1,-1,-1
3665,1,1684,373,99,66,1,-1,-1,-1
3666,1,1688,373,99,66,1,-1,-1,-1
3667,1,1693,373,98,65,1,-1,-1,-1
3668,1,1697,373,98,65,1,-1,-1,-1
3669,1,1702,373,97,65,1,-1,-1,-1
3670,1,1707,373,97,65,1,-1,-1,-1
3671,1,1711,373,96,64,1,-1,-1,-1
3672,1,1716,373,96,64,1,-1,-1,-1
3673,1,1720,373,95,64,1,-1,-1,-1
3674,1,1725,373,95,63,1,-1,-1,-1
3675,1,1730,373,94,63,1,-1,-1,-1
3676,1,1734,373,94,63,1,-1,-1,-1
3677,1,1739,373,93,62,1,-1,-1,-1
3678,1,1743,373,93,62,1,-1,-1,-1
3679,1,1748,373,92,62,1,-1,-1,-1
3680,1,1753,374,92,62,1,-1,-1,-1
3681,1,1757,373,91,61,1,-1,-1,-1
3682,1,1761,373,91,61,1,-1,-1,-1
3683,1,1765,373,90,61,1,-1,-1,-1
3684,1,1769,373,90,61,1,-1,-1,-1
3685,1,1773,373,89,61,1,-1,-1,-1
3686,1,1777,373,89,61,1,-1,-1,-1
3687,1,1781,373,88,61,1,-1,-1,-1
3688,1,1785,373,88,61,1,-1,-1,-1
3689,1,1789,373,87,61,1,-1,-1,-1
3690,1,1793,373,87,61,1,-1,-1,-1
3691,1,1797,372,86,60,1,-1,-1,-1
3692,1,1801,372,86,60,1,-1,-1,-1
3693,1,1805,372,85,60,1,-1,-1,-1
3694,1,1809,372,85,60,1,-1,-1,-1
3695,1,1813,372,84,60,1,-1,-1,-1
3696,1,1817,372,84,60,1,-1,-1,-1
3697,1,1821,372,83,60,1,-1,-1,-1
3698,1,1825,372,83,60,1,-1,-1,-1
3699,1,1829,372,82,60,1,-1,-1,-1
3700,1,1834,372,82,60,1,-1,-1,-1
3701,1,1837,371,80,59,1,-1,-1,-1
3702,1,1840,371,79,59,1,-1,-1,-1
3703,1,1843,370,75,58,1,-1,-1,-1
3704,1,1846,370,72,58,1,-1,-1,-1
3705,1,1850,370,68,58,1,-1,-1,-1
3706,1,1853,370,65,57,1,-1,-1,-1
3707,1,1857,370,61,57,1,-1,-1,-1
3708,1,1860,370,58,57,1,-1,-1,-1
3709,1,1864,369,54,56,1,-1,-1,-1
3710,1,1867,369,51,56,1,-1,-1,-1
3711,1,1871,369,47,56,1,-1,-1,-1
3712,1,1874,369,44,55,1,-1,-1,-1
3713,1,1878,369,40,55,1,-1,-1,-1
3714,1,1881,369,37,55,1,-1,-1,-1
3715,1,1885,369,34,55,1,-1,-1,-1
3716,1,1888,368,30,54,1,-1,-1,-1
3717,1,1892,368,26,53,1,-1,-1,-1
3718,1,1896,368,23,52,1,-1,-1,-1
3719,1,1899,368,19,51,1,-1,-1,-1
3720,1,1903,368,15,50,1,-1,-1,-1
3721,1,1907,368,12,50,1,-1,-1,-1
3722,1,1908,370,13,49,1,-1,-1,-1
3723,1,1911,388,9,30,1,-1,-1,-1
3724,1,1912,408,8,9,1,-1,-1,-1
239,2,1913,288,7,9,1,-1,-1,-1
240,2,1912,287,9,9,1,-1,-1,-1
241,2,1910,287,10,11,1,-1,-1,-1
242,2,1909,287,10,11,1,-1,-1,-1
243,2,1908,287,11,11,1,-1,-1,-1
244,2,1907,287,12,12,1,-1,-1,-1
245,2,1906,287,13,12,1,-1,-1,-1
246,2,1905,287,14,13,1,-1,-1,-1
247,2,1904,287,14,12,1,-1,-1,-1
248,2,1903,287,14,12,1,-1,-1,-1
249,2,1902,287,14,12,1,-1,-1,-1
251,2,1901,287,14,12,1,-1,-1,-1
252,2,1900,287,14,12,1,-1,-1,-1
254,2,1899,287,14,12,1,-1,-1,-1
255,2,1898,287,14,12,1,-1,-1,-1
256,2,1897,287,14,12,1,-1,-1,-1
258,2,1896,287,14,12,1,-1,-1,-1
259,2,1895,287,14,12,1,-1,-1,-1
261,2,1894,287,14,12,1,-1,-1,-1
262,2,1893,287,14,12,1,-1,-1,-1
263,2,1892,287,14,12,1,-1,-1,-1
265,2,1891,287,14,12,1,-1,-1,-1
266,2,1890,287,14,12,1,-1,-1,-1
267,2,1890,287,14,12,1,-1,-1,-1
268,2,1889,287,13,11,1,-1,-1,-1
269,2,1888,287,13,11,1,-1,-1,-1
271,2,1887,287,13,11,1,-1,-1,-1
272,2,1886,287,13,11,1,-1,-1,-1
274,2,1885,287,13,11,1,-1,-1,-1
275,2,1884,287,13,11,1,-1,-1,-1
277,2,1883,287,13,11,1,-1,-1,-1
278,2,1882,287,13,11,1,-1,-1,-1
279,2,1882,287,12,11,1,-1,-1,-1
280,2,1881,287,12,11,1,-1,-1,-1
281,2,1880,287,12,11,1,-1,-1,-1
283,2,1879,287,12,11,1,-1,-1,-1
284,2,1878,287,12,11,1,-1,-1,-1
286,2,1877,287,12,11,1,-1,-1,-1
287,2,1876,287,12,11,1,-1,-1,-1
289,2,1875,287,12,11,1,-1,-1,-1
290,2,1875,288,12,11,1,-1,-1,-1
291,2,1874,287,12,11,1,-1,-1,-1
292,2,1873,287,12,11,1,-1,-1,-1
293,2,1872,287,12,11,1,-1,-1,-1
294,2,1871,287,12,11,1,-1,-1,-1
296,2,1870,287,12,11,1,-1,-1,-1
297,2,1869,287,12,11,1,-1,-1,-1
298,2,1868,287,12,11,1,-1,-1,-1
299,2,1867,287,12,11,1,-1,-1,-1
300,2,1867,287,13,12,1,-1,-1,-1
301,2,1866,287,13,12,1,-1,-1,-1
302,2,1865,287,13,12,1,-1,-1,-1
303,2,1864,287,13,12,1,-1,-1,-1
304,2,1863,287,13,12,1,-1,-1,-1
306,2,1862,287,13,12,1,-1,-1,-1
307,2,1861,287,13,12,1,-1,-1,-1
308,2,1860,287,13,12,1,-1,-1,-1
309,2,1859,287,13,12,1,-1,-1,-1
310,2,1859,287,14,13,1,-1,-1,-1
311,2,1858,287,13,12,1,-1,-1,-1
312,2,1857,287,13,12,1,-1,-1,-1
314,2,1856,287,13,12,1,-1,-1,-1
316,2,1855,287,13,12,1,-1,-1,-1
317,2,1854,287,13,12,1,-1,-1,-1
319,2,1853,287,13,12,1,-1,-1,-1
320,2,1853,288,13,12,1,-1,-1,-1
321,2,1852,288,12,11,1,-1,-1,-1
322,2,1851,288,12,11,1,-1,-1,-1
324,2,1850,288,12,11,1,-1,-1,-1
326,2,1849,288,12,11,1,-1,-1,-1
327,2,1848,288,12,11,1,-1,-1,-1
329,2,1847,288,12,11,1,-1,-1,-1
330,2,1847,289,12,11,1,-1,-1,-1
331,2,1846,288,12,11,1,-1,-1,-1
332,2,1845,288,12,11,1,-1,-1,-1
333,2,1844,288,12,11,1,-1,-1,-1
335,2,1843,288,12,12,1,-1,-1,-1
336,2,1842,288,12,12,1,-1,-1,-1
337,2,1841,288,12,12,1,-1,-1,-1
339,2,1840,288,12,12,1,-1,-1,-1
340,2,1839,288,13,13,1,-1,-1,-1
341,2,1838,287,13,13,1,-1,-1,-1
343,2,1837,287,13,13,1,-1,-1,-1
344,2,1836,287,13,13,1,-1,-1,-1
345,2,1835,287,13,14,1,-1,-1,-1
347,2,1834,287,13,14,1,-1,-1,-1
348,2,1833,287,13,14,1,-1,-1,-1
349,2,1832,287,13,14,1,-1,-1,-1
350,2,1832,287,14,15,1,-1,-1,-1
351,2,1831,287,13,14,1,-1,-1,-1
352,2,1830,287,13,14,1,-1,-1,-1
354,2,1829,287,13,14,1,-1,-1,-1
355,2,1828,287,13,14,1,-1,-1,-1
357,2,1827,287,13,14,1,-1,-1,-1
358,2,1826,287,13,14,1,-1,-1,-1
360,2,1825,288,13,14,1,-1,-1,-1
361,2,1824,288,13,13,1,-1,-1,-1
363,2,1823,288,13,13,1,-1,-1,-1
364,2,1822,288,13,13,1,-1,-1,-1
366,2,1821,288,13,13,1,-1,-1,-1
367,2,1820,288,13,13,1,-1,-1,-1
369,2,1819,288,13,13,1,-1,-1,-1
370,2,1819,289,13,13,1,-1,-1,-1
371,2,1818,289,13,13,1,-1,-1,-1
372,2,1817,289,13,13,1,-1,-1,-1
373,2,1816,289,13,13,1,-1,-1,-1
375,2,1815,289,13,13,1,-1,-1,-1
376,2,1814,289,13,13,1,-1,-1,-1
378,2,1813,289,13,13,1,-1,-1,-1
379,2,1812,289,13,13,1,-1,-1,-1
381,2,1811,289,13,13,1,-1,-1,-1
382,2,1810,289,13,13,1,-1,-1,-1
383,2,1809,289,13,13,1,-1,-1,-1
385,2,1808,289,13,13,1,-1,-1,-1
386,2,1807,289,13,13,1,-1,-1,-1
388,2,1806,289,13,13,1,-1,-1,-1
389,2,1805,289,13,13,1,-1,-1,-1
390,2,1805,289,13,13,1,-1,-1,-1
391,2,1804,289,13,12,1,-1,-1,-1
392,2,1803,289,13,12,1,-1,-1,-1
393,2,1802,289,13,12,1,-1,-1,-1
395,2,1801,289,13,12,1,-1,-1,-1
396,2,1800,289,13,12,1,-1,-1,-1
397,2,1799,289,13,12,1,-1,-1,-1
399,2,1798,289,13,12,1,-1,-1,-1
400,2,1797,289,13,12,1,-1,-1,-1
401,2,1796,289,13,12,1,-1,-1,-1
403,2,1795,289,13,12,1,-1,-1,-1
404,2,1794,289,13,12,1,-1,-1,-1
405,2,1793,289,13,12,1,-1,-1,-1
407,2,1792,289,13,12,1,-1,-1,-1
408,2,1791,289,13,12,1,-1,-1,-1
409,2,1790,289,13,12,1,-1,-1,-1
410,2,1790,289,14,12,1,-1,-1,-1
411,2,1789,289,13,11,1,-1,-1,-1
412,2,1788,289,13,11,1,-1,-1,-1
414,2,1787,289,13,11,1,-1,-1,-1
416,2,1786,289,13,11,1,-1,-1,-1
418,2,1785,289,13,11,1,-1,-1,-1
420,2,1784,289,13,11,1,-1,-1,-1
421,2,1783,289,12,10,1,-1,-1,-1
423,2,1782,289,12,10,1,-1,-1,-1
425,2,1781,289,12,10,1,-1,-1,-1
427,2,1780,289,12,10,1,-1,-1,-1
429,2,1779,289,12,10,1,-1,-1,-1
430,2,1779,290,12,10,1,-1,-1,-1
431,2,1778,289,12,10,1,-1,-1,-1
432,2,1777,289,12,10,1,-1,-1,-1
434,2,1776,289,12,10,1,-1,-1,-1
436,2,1775,288,12,10,1,-1,-1,-1
437,2,1774,288,12,11,1,-1,-1,-1
439,2,1773,288,12,11,1,-1,-1,-1
440,2,1773,288,13,11,1,-1,-1,-1
441,2,1772,287,13,11,1,-1,-1,-1
442,2,1771,287,13,11,1,-1,-1,-1
444,2,1770,287,13,12,1,-1,-1,-1
446,2,1769,286,13,12,1,-1,-1,-1
447,2,1768,286,13,12,1,-1,-1,-1
449,2,1767,286,13,12,1,-1,-1,-1
450,2,1767,286,14,13,1,-1,-1,-1
451,2,1766,285,14,12,1,-1,-1,-1
452,2,1765,285,14,12,1,-1,-1,-1
454,2,1764,285,14,12,1,-1,-1,-1
456,2,1763,285,14,12,1,-1,-1,-1
457,2,1762,285,14,12,1,-1,-1,-1
459,2,1761,285,14,12,1,-1,-1,-1
461,2,1760,285,14,12,1,-1,-1,-1
462,2,1759,285,14,12,1,-1,-1,-1
464,2,1758,285,14,12,1,-1,-1,-1
466,2,1757,285,14,12,1,-1,-1,-1
467,2,1756,285,14,12,1,-1,-1,-1
469,2,1755,285,14,12,1,-1,-1,-1
470,2,1755,285,14,12,1,-1,-1,-1
471,2,1754,285,14,12,1,-1,-1,-1
472,2,1753,285,14,12,1,-1,-1,-1
474,2,1752,285,14,12,1,-1,-1,-1
476,2,1751,285,14,12,1,-1,-1,-1
477,2,1750,285,14,12,1,-1,-1,-1
479,2,1749,285,14,12,1,-1,-1,-1
480,2,1749,285,15,12,1,-1,-1,-1
481,2,1748,285,15,12,1,-1,-1,-1
482,2,1747,285,15,12,1,-1,-1,-1
484,2,1746,285,15,12,1,-1,-1,-1
486,2,1745,285,15,12,1,-1,-1,-1
487,2,1744,285,15,12,1,-1,-1,-1
489,2,1743,285,15,12,1,-1,-1,-1
490,2,1743,285,16,13,1,-1,-1,-1
491,2,1742,285,16,12,1,-1,-1,-1
492,2,1741,285,16,12,1,-1,-1,-1
494,2,1740,285,16,12,1,-1,-1,-1
496,2,1739,285,16,12,1,-1,-1,-1
498,2,1738,285,16,12,1,-1,-1,-1
500,2,1737,285,16,12,1,-1,-1,-1
501,2,1736,285,16,12,1,-1,-1,-1
503,2,1735,285,16,12,1,-1,-1,-1
505,2,1734,285,16,12,1,-1,-1,-1
507,2,1733,285,16,12,1,-1,-1,-1
509,2,1732,285,16,12,1,-1,-1,-1
510,2,1732,285,16,12,1,-1,-1,-1
511,2,1731,284,16,12,1,-1,-1,-1
512,2,1730,284,16,12,1,-1,-1,-1
513,2,1729,284,16,12,1,-1,-1,-1
515,2,1728,284,16,12,1,-1,-1,-1
516,2,1727,284,16,12,1,-1,-1,-1
518,2,1726,284,16,12,1,-1,-1,-1
519,2,1725,284,16,12,1,-1,-1,-1
520,2,1725,284,16,13,1,-1,-1,-1
521,2,1724,284,16,13,1,-1,-1,-1
522,2,1723,284,16,13,1,-1,-1,-1
523,2,1722,284,16,13,1,-1,-1,-1
525,2,1721,284,16,13,1,-1,-1,-1
526,2,1720,284,16,13,1,-1,-1,-1
528,2,1719,284,16,13,1,-1,-1,-1
529,2,1718,284,16,13,1,-1,-1,-1
530,2,1718,284,17,14,1,-1,-1,-1
531,2,1717,284,17,14,1,-1,-1,-1
532,2,1716,284,17,14,1,-1,-1,-1
533,2,1715,284,17,14,1,-1,-1,-1
535,2,1714,284,17,14,1,-1,-1,-1
536,2,1713,284,17,14,1,-1,-1,-1
538,2,1712,284,17,14,1,-1,-1,-1
539,2,1711,284,17,14,1,-1,-1,-1
541,2,1710,284,17,14,1,-1,-1,-1
542,2,1709,284,17,14,1,-1,-1,-1
543,2,1708,284,17,14,1,-1,-1,-1
545,2,1707,284,17,14,1,-1,-1,-1
546,2,1706,284,17,14,1,-1,-1,-1
548,2,1705,284,17,14,1,-1,-1,-1
549,2,1704,284,17,14,1,-1,-1,-1
550,2,1704,284,18,14,1,-1,-1,-1
551,2,1703,283,18,14,1,-1,-1,-1
552,2,1702,283,18,14,1,-1,-1,-1
553,2,1701,283,18,14,1,-1,-1,-1
554,2,1700,283,18,14,1,-1,-1,-1
555,2,1699,283,18,14,1,-1,-1,-1
556,2,1698,283,18,14,1,-1,-1,-1
557,2,1697,283,18,14,1,-1,-1,-1
558,2,1696,283,18,14,1,-1,-1,-1
559,2,1695,283,18,14,1,-1,-1,-1
560,2,1694,283,18,14,1,-1,-1,-1
561,2,1693,283,18,14,1,-1,-1,-1
562,2,1692,283,18,14,1,-1,-1,-1
563,2,1691,283,18,14,1,-1,-1,-1
564,2,1690,283,18,14,1,-1,-1,-1
565,2,1689,283,18,14,1,-1,-1,-1
566,2,1688,283,18,14,1,-1,-1,-1
567,2,1687,283,18,14,1,-1,-1,-1
568,2,1686,283,18,14,1,-1,-1,-1
569,2,1685,283,18,14,1,-1,-1,-1
570,2,1684,283,19,14,1,-1,-1,-1
571,2,1682,283,19,14,1,-1,-1,-1
572,2,1681,283,19,14,1,-1,-1,-1
573,2,1680,283,19,14,1,-1,-1,-1
574,2,1679,283,19,14,1,-1,-1,-1
575,2,1678,283,19,14,1,-1,-1,-1
576,2,1677,283,19,14,1,-1,-1,-1
577,2,1676,283,19,14,1,-1,-1,-1
578,2,1675,283,19,14,1,-1,-1,-1
579,2,1674,283,19,14,1,-1,-1,-1
580,2,1673,284,19,14,1,-1,-1,-1
581,2,1672,284,19,14,1,-1,-1,-1
582,2,1671,284,19,14,1,-1,-1,-1
583,2,1670,284,19,14,1,-1,-1,-1
584,2,1669,284,19,14,1,-1,-1,-1
585,2,1668,284,19,14,1,-1,-1,-1
586,2,1667,284,19,14,1,-1,-1,-1
587,2,1666,284,19,14,1,-1,-1,-1
588,2,1665,284,19,14,1,-1,-1,-1
589,2,1664,284,19,14,1,-1,-1,-1
590,2,1663,285,20,14,1,-1,-1,-1
591,2,1662,284,20,14,1,-1,-1,-1
592,2,1661,284,20,14,1,-1,-1,-1
593,2,1660,284,20,14,1,-1,-1,-1
594,2,1659,284,20,14,1,-1,-1,-1
595,2,1658,284,20,14,1,-1,-1,-1
596,2,1657,284,20,14,1,-1,-1,-1
597,2,1656,284,20,14,1,-1,-1,-1
598,2,1655,284,20,14,1,-1,-1,-1
599,2,1654,284,20,14,1,-1,-1,-1
600,2,1653,284,20,14,1,-1,-1,-1
601,2,1652,284,20,14,1,-1,-1,-1
602,2,1651,284,20,14,1,-1,-1,-1
603,2,1650,284,20,14,1,-1,-1,-1
604,2,1649,284,20,14,1,-1,-1,-1
605,2,1648,284,20,14,1,-1,-1,-1
606,2,1647,284,20,14,1,-1,-1,-1
607,2,1646,284,20,14,1,-1,-1,-1
608,2,1645,284,20,14,1,-1,-1,-1
609,2,1644,284,20,14,1,-1,-1,-1
610,2,1643,284,20,15,1,-1,-1,-1
611,2,1642,284,19,14,1,-1,-1,-1
612,2,1641,284,19,14,1,-1,-1,-1
613,2,1640,284,19,14,1,-1,-1,-1
614,2,1639,284,19,14,1,-1,-1,-1
615,2,1638,284,19,14,1,-1,-1,-1
616,2,1637,284,19,14,1,-1,-1,-1
617,2,1637,285,18,14,1,-1,-1,-1
618,2,1636,285,18,14,1,-1,-1,-1
619,2,1635,285,18,14,1,-1,-1,-1
620,2,1634,285,18,14,1,-1,-1,-1
621,2,1633,285,18,14,1,-1,-1,-1
622,2,1632,285,18,14,1,-1,-1,-1
623,2,1631,285,18,14,1,-1,-1,-1
624,2,1631,286,17,14,1,-1,-1,-1
625,2,1630,286,17,14,1,-1,-1,-1
626,2,1629,286,17,14,1,-1,-1,-1
627,2,1628,286,17,14,1,-1,-1,-1
628,2,1627,286,17,14,1,-1,-1,-1
629,2,1626,286,17,14,1,-1,-1,-1
630,2,1626,287,17,14,1,-1,-1,-1
631,2,1625,287,17,14,1,-1,-1,-1
632,2,1624,287,17,14,1,-1,-1,-1
633,2,1623,287,17,14,1,-1,-1,-1
634,2,1622,287,17,14,1,-1,-1,-1
635,2,1621,287,17,14,1,-1,-1,-1
636,2,1620,287,17,14,1,-1,-1,-1
637,2,1619,287,17,14,1,-1,-1,-1
638,2,1618,287,17,14,1,-1,-1,-1
639,2,1617,287,17,14,1,-1,-1,-1
640,2,1617,288,18,14,1,-1,-1,-1
641,2,1616,288,18,14,1,-1,-1,-1
642,2,1615,288,18,14,1,-1,-1,-1
643,2,1614,288,18,14,1,-1,-1,-1
644,2,1613,288,18,14,1,-1,-1,-1
645,2,1612,288,18,14,1,-1,-1,-1
646,2,1611,288,18,14,1,-1,-1,-1
647,2,1610,288,18,14,1,-1,-1,-1
648,2,1609,288,18,14,1,-1,-1,-1
649,2,1608,288,18,14,1,-1,-1,-1
650,2,1608,289,19,15,1,-1,-1,-1
651,2,1606,289,19,15,1,-1,-1,-1
652,2,1605,289,19,15,1,-1,-1,-1
653,2,1604,289,19,15,1,-1,-1,-1
654,2,1603,289,19,15,1,-1,-1,-1
655,2,1602,289,20,15,1,-1,-1,-1
656,2,1601,289,20,15,1,-1,-1,-1
657,2,1600,290,20,15,1,-1,-1,-1
658,2,1599,290,20,15,1,-1,-1,-1
659,2,1598,290,20,15,1,-1,-1,-1
660,2,1597,290,21,15,1,-1,-1,-1
661,2,1595,290,21,15,1,-1,-1,-1
662,2,1594,290,21,15,1,-1,-1,-1
663,2,1593,290,21,15,1,-1,-1,-1
664,2,1592,291,21,15,1,-1,-1,-1
665,2,1591,291,22,15,1,-1,-1,-1
666,2,1590,291,22,15,1,-1,-1,-1
667,2,1589,291,22,15,1,-1,-1,-1
668,2,1588,291,22,15,1,-1,-1,-1
669,2,1587,291,22,15,1,-1,-1,-1
670,2,1586,292,23,16,1,-1,-1,-1
671,2,1584,292,23,16,1,-1,-1,-1
672,2,1583,292,23,16,1,-1,-1,-1
673,2,1582,292,23,16,1,-1,-1,-1
674,2,1581,292,23,16,1,-1,-1,-1
675,2,1580,292,23,16,1,-1,-1,-1
676,2,1578,292,23,16,1,-1,-1,-1
677,2,1577,292,23,16,1,-1,-1,-1
678,2,1576,292,23,16,1,-1,-1,-1
679,2,1575,292,23,16,1,-1,-1,-1
680,2,1574,293,23,16,1,-1,-1,-1
681,2,1572,293,23,16,1,-1,-1,-1
682,2,1571,293,23,16,1,-1,-1,-1
683,2,1570,293,23,16,1,-1,-1,-1
684,2,1569,293,23,16,1,-1,-1,-1
685,2,1568,293,23,16,1,-1,-1,-1
686,2,1566,293,23,16,1,-1,-1,-1
687,2,1565,293,23,16,1,-1,-1,-1
688,2,1564,293,23,16,1,-1,-1,-1
689,2,1563,293,23,16,1,-1,-1,-1
690,2,1562,294,23,16,1,-1,-1,-1
691,2,1560,294,22,15,1,-1,-1,-1
692,2,1559,294,22,15,1,-1,-1,-1
693,2,1558,294,22,15,1,-1,-1,-1
694,2,1557,294,22,15,1,-1,-1,-1
695,2,1555,294,22,15,1,-1,-1,-1
696,2,1554,294,22,15,1,-1,-1,-1
697,2,1553,294,22,15,1,-1,-1,-1
698,2,1552,294,22,15,1,-1,-1,-1
699,2,1550,294,22,15,1,-1,-1,-1
700,2,1549,295,22,15,1,-1,-1,-1
701,2,1548,295,21,15,1,-1,-1,-1
702,2,1547,295,21,15,1,-1,-1,-1
703,2,1545,295,21,15,1,-1,-1,-1
704,2,1544,295,21,15,1,-1,-1,-1
705,2,1543,295,21,15,1,-1,-1,-1
706,2,1542,295,21,15,1,-1,-1,-1
707,2,1540,295,21,15,1,-1,-1,-1
708,2,1539,295,21,15,1,-1,-1,-1
709,2,1538,295,21,15,1,-1,-1,-1
710,2,1537,296,21,15,1,-1,-1,-1
711,2,1535,296,21,15,1,-1,-1,-1
712,2,1534,296,21,15,1,-1,-1,-1
713,2,1533,296,21,15,1,-1,-1,-1
714,2,1532,296,21,15,1,-1,-1,-1
715,2,1531,296,21,15,1,-1,-1,-1
716,2,1529,296,21,15,1,-1,-1,-1
717,2,1528,296,21,15,1,-1,-1,-1
718,2,1527,296,21,15,1,-1,-1,-1
719,2,1526,296,21,15,1,-1,-1,-1
720,2,1525,296,21,16,1,-1,-1,-1
721,2,1523,296,21,16,1,-1,-1,-1
722,2,1522,296,21,16,1,-1,-1,-1
723,2,1521,296,21,16,1,-1,-1,-1
724,2,1520,296,21,16,1,-1,-1,-1
725,2,1519,296,21,16,1,-1,-1,-1
726,2,1517,296,21,16,1,-1,-1,-1
727,2,1516,296,21,16,1,-1,-1,-1
728,2,1515,296,21,16,1,-1,-1,-1
729,2,1514,296,21,16,1,-1,-1,-1
730,2,1513,297,22,17,1,-1,-1,-1
731,2,1511,296,22,17,1,-1,-1,-1
732,2,1509,296,22,17,1,-1,-1,-1
733,2,1508,296,22,17,1,-1,-1,-1
734,2,1506,296,22,17,1,-1,-1,-1
735,2,1505,296,22,17,1,-1,-1,-1
736,2,1503,296,22,17,1,-1,-1,-1
737,2,1502,296,22,17,1,-1,-1,-1
738,2,1500,296,22,17,1,-1,-1,-1
739,2,1499,296,22,17,1,-1,-1,-1
740,2,1497,296,23,17,1,-1,-1,-1
741,2,1495,296,23,17,1,-1,-1,-1
742,2,1494,296,23,17,1,-1,-1,-1
743,2,1492,296,23,17,1,-1,-1,-1
744,2,1491,296,23,17,1,-1,-1,-1
745,2,1489,296,23,17,1,-1,-1,-1
746,2,1488,296,23,17,1,-1,-1,-1
747,2,1486,296,23,17,1,-1,-1,-1
748,2,1485,296,23,17,1,-1,-1,-1
749,2,1483,296,23,17,1,-1,-1,-1
750,2,1482,296,24,17,1,-1,-1,-1
751,2,1480,295,23,17,1,-1,-1,-1
752,2,1479,295,23,17,1,-1,-1,-1
753,2,1477,295,23,17,1,-1,-1,-1
754,2,1476,295,23,17,1,-1,-1,-1
755,2,1474,295,23,17,1,-1,-1,-1
756,2,1473,295,23,17,1,-1,-1,-1
757,2,1471,295,23,17,1,-1,-1,-1
758,2,1470,295,23,17,1,-1,-1,-1
759,2,1468,295,23,17,1,-1,-1,-1
760,2,1467,295,23,17,1,-1,-1,-1
761,2,1465,295,22,17,1,-1,-1,-1
762,2,1464,295,22,17,1,-1,-1,-1
763,2,1462,295,22,17,1,-1,-1,-1
764,2,1461,295,22,17,1,-1,-1,-1
765,2,1459,295,22,17,1,-1,-1,-1
766,2,1458,295,22,17,1,-1,-1,-1
767,2,1456,295,22,17,1,-1,-1,-1
768,2,1455,295,22,17,1,-1,-1,-1
769,2,1453,295,22,17,1,-1,-1,-1
770,2,1452,295,22,18,1,-1,-1,-1
771,2,1450,295,22,17,1,-1,-1,-1
772,2,1448,295,22,17,1,-1,-1,-1
773,2,1446,295,22,17,1,-1,-1,-1
774,2,1445,295,22,17,1,-1,-1,-1
775,2,1443,295,22,17,1,-1,-1,-1
776,2,1441,295,22,17,1,-1,-1,-1
777,2,1440,295,23,17,1,-1,-1,-1
778,2,1438,295,23,17,1,-1,-1,-1
779,2,1436,295,23,17,1,-1,-1,-1
780,2,1435,295,23,17,1,-1,-1,-1
781,2,1433,295,23,17,1,-1,-1,-1
782,2,1431,295,23,17,1,-1,-1,-1
783,2,1429,295,23,17,1,-1,-1,-1
784,2,1428,295,24,17,1,-1,-1,-1
785,2,1426,295,24,17,1,-1,-1,-1
786,2,1424,295,24,17,1,-1,-1,-1
787,2,1423,295,24,17,1,-1,-1,-1
788,2,1421,295,24,17,1,-1,-1,-1
789,2,1419,295,24,17,1,-1,-1,-1
790,2,1418,295,25,17,1,-1,-1,-1
791,2,1416,295,25,17,1,-1,-1,-1
792,2,1414,295,25,17,1,-1,-1,-1
793,2,1412,295,25,17,1,-1,-1,-1
794,2,1411,295,26,17,1,-1,-1,-1
795,2,1409,295,26,17,1,-1,-1,-1
796,2,1407,295,26,17,1,-1,-1,-1
797,2,1406,295,27,17,1,-1,-1,-1
798,2,1404,295,27,17,1,-1,-1,-1
799,2,1402,295,27,17,1,-1,-1,-1
800,2,1401,295,28,17,1,-1,-1,-1
801,2,1399,295,28,17,1,-1,-1,-1
802,2,1397,295,28,17,1,-1,-1,-1
803,2,1395,295,28,17,1,-1,-1,-1
804,2,1394,295,29,17,1,-1,-1,-1
805,2,1392,295,29,17,1,-1,-1,-1
806,2,1390,295,29,17,1,-1,-1,-1
807,2,1389,295,30,17,1,-1,-1,-1
808,2,1387,295,30,17,1,-1,-1,-1
809,2,1385,295,30,17,1,-1,-1,-1
810,2,1384,295,31,18,1,-1,-1,-1
811,2,1382,294,30,18,1,-1,-1,-1
812,2,1380,294,30,18,1,-1,-1,-1
813,2,1378,294,30,18,1,-1,-1,-1
814,2,1377,294,30,18,1,-1,-1,-1
815,2,1375,294,30,18,1,-1,-1,-1
816,2,1373,294,30,18,1,-1,-1,-1
817,2,1371,294,30,18,1,-1,-1,-1
818,2,1370,294,30,18,1,-1,-1,-1
819,2,1368,294,30,18,1,-1,-1,-1
820,2,1366,294,30,19,1,-1,-1,-1
821,2,1364,293,30,19,1,-1,-1,-1
822,2,1363,293,30,19,1,-1,-1,-1
823,2,1361,293,30,19,1,-1,-1,-1
824,2,1359,293,30,19,1,-1,-1,-1
825,2,1357,293,30,19,1,-1,-1,-1
826,2,1356,293,30,19,1,-1,-1,-1
827,2,1354,293,30,19,1,-1,-1,-1
828,2,1352,293,30,19,1,-1,-1,-1
829,2,1350,293,30,19,1,-1,-1,-1
830,2,1349,293,30,20,1,-1,-1,-1
831,2,1347,292,30,20,1,-1,-1,-1
832,2,1345,292,30,20,1,-1,-1,-1
833,2,1343,292,30,20,1,-1,-1,-1
834,2,1341,292,30,20,1,-1,-1,-1
835,2,1339,292,30,20,1,-1,-1,-1
836,2,1337,292,30,20,1,-1,-1,-1
837,2,1335,292,30,20,1,-1,-1,-1
838,2,1333,292,30,20,1,-1,-1,-1
839,2,1331,292,30,20,1,-1,-1,-1
840,2,1330,292,31,21,1,-1,-1,-1
841,2,1328,291,31,21,1,-1,-1,-1
842,2,1326,291,31,21,1,-1,-1,-1
843,2,1324,291,31,21,1,-1,-1,-1
844,2,1322,291,31,21,1,-1,-1,-1
845,2,1320,291,31,21,1,-1,-1,-1
846,2,1318,291,31,21,1,-1,-1,-1
847,2,1316,291,31,21,1,-1,-1,-1
848,2,1314,291,31,21,1,-1,-1,-1
849,2,1312,291,31,21,1,-1,-1,-1
850,2,1311,291,32,22,1,-1,-1,-1
851,2,1309,291,32,21,1,-1,-1,-1
852,2,1307,291,32,21,1,-1,-1,-1
853,2,1305,291,32,21,1,-1,-1,-1
854,2,1304,291,32,21,1,-1,-1,-1
855,2,1302,292,32,21,1,-1,-1,-1
856,2,1300,292,32,21,1,-1,-1,-1
857,2,1299,292,32,21,1,-1,-1,-1
858,2,1297,292,32,21,1,-1,-1,-1
859,2,1295,292,32,21,1,-1,-1,-1
860,2,1294,293,32,21,1,-1,-1,-1
861,2,1292,293,32,21,1,-1,-1,-1
862,2,1290,293,32,21,1,-1,-1,-1
863,2,1288,293,32,21,1,-1,-1,-1
864,2,1287,293,32,21,1,-1,-1,-1
865,2,1285,294,32,21,1,-1,-1,-1
866,2,1283,294,32,21,1,-1,-1,-1
867,2,1282,294,32,21,1,-1,-1,-1
868,2,1280,294,32,21,1,-1,-1,-1
869,2,1278,294,32,21,1,-1,-1,-1
870,2,1277,295,32,21,1,-1,-1,-1
871,2,1275,295,32,21,1,-1,-1,-1
872,2,1273,295,32,21,1,-1,-1,-1
873,2,1271,295,32,21,1,-1,-1,-1
874,2,1269,295,32,21,1,-1,-1,-1
875,2,1268,296,32,21,1,-1,-1,-1
876,2,1266,296,32,21,1,-1,-1,-1
877,2,1264,296,33,21,1,-1,-1,-1
878,2,1262,296,33,21,1,-1,-1,-1
879,2,1260,296,33,21,1,-1,-1,-1
880,2,1259,297,33,21,1,-1,-1,-1
881,2,1257,297,33,21,1,-1,-1,-1
882,2,1255,297,33,21,1,-1,-1,-1
883,2,1253,297,33,21,1,-1,-1,-1
884,2,1251,297,34,21,1,-1,-1,-1
885,2,1250,298,34,21,1,-1,-1,-1
886,2,1248,298,34,21,1,-1,-1,-1
887,2,1246,298,34,21,1,-1,-1,-1
888,2,1244,298,34,21,1,-1,-1,-1
889,2,1242,298,34,21,1,-1,-1,-1
890,2,1241,299,35,21,1,-1,-1,-1
891,2,1238,299,35,21,1,-1,-1,-1
892,2,1236,299,35,21,1,-1,-1,-1
893,2,1234,299,35,21,1,-1,-1,-1
894,2,1232,299,36,21,1,-1,-1,-1
895,2,1230,299,36,21,1,-1,-1,-1
896,2,1228,299,36,21,1,-1,-1,-1
897,2,1226,299,36,22,1,-1,-1,-1
898,2,1224,299,37,22,1,-1,-1,-1
899,2,1222,299,37,22,1,-1,-1,-1
900,2,1220,300,37,22,1,-1,-1,-1
901,2,1217,300,37,22,1,-1,-1,-1
902,2,1215,300,38,22,1,-1,-1,-1
903,2,1213,300,38,22,1,-1,-1,-1
904,2,1211,300,38,23,1,-1,-1,-1
905,2,1209,300,38,23,1,-1,-1,-1
906,2,1207,300,39,23,1,-1,-1,-1
907,2,1205,300,39,23,1,-1,-1,-1
908,2,1203,300,39,23,1,-1,-1,-1
909,2,1201,300,39,23,1,-1,-1,-1
910,2,1199,301,40,24,1,-1,-1,-1
911,2,1196,301,40,24,1,-1,-1,-1
912,2,1193,301,40,24,1,-1,-1,-1
913,2,1191,301,41,24,1,-1,-1,-1
914,2,1188,301,41,24,1,-1,-1,-1
915,2,1185,301,42,24,1,-1,-1,-1
916,2,1183,301,42,24,1,-1,-1,-1
917,2,1180,302,42,24,1,-1,-1,-1
918,2,1177,302,43,24,1,-1,-1,-1
919,2,1175,302,43,24,1,-1,-1,-1
920,2,1172,302,44,25,1,-1,-1,-1
921,2,1169,302,44,25,1,-1,-1,-1
922,2,1167,302,44,25,1,-1,-1,-1
923,2,1164,302,45,25,1,-1,-1,-1
924,2,1161,303,45,25,1,-1,-1,-1
925,2,1159,303,46,25,1,-1,-1,-1
926,2,1156,303,46,25,1,-1,-1,-1
927,2,1153,303,46,25,1,-1,-1,-1
928,2,1151,303,47,25,1,-1,-1,-1
929,2,1148,303,47,25,1,-1,-1,-1
930,2,1146,304,48,26,1,-1,-1,-1
931,2,1143,304,48,26,1,-1,-1,-1
932,2,1140,304,48,26,1,-1,-1,-1
933,2,1138,304,48,26,1,-1,-1,-1
934,2,1135,304,48,26,1,-1,-1,-1
935,2,1133,305,48,26,1,-1,-1,-1
936,2,1130,305,48,26,1,-1,-1,-1
937,2,1127,305,48,26,1,-1,-1,-1
938,2,1125,305,48,26,1,-1,-1,-1
939,2,1122,305,48,26,1,-1,-1,-1
940,2,1120,306,48,26,1,-1,-1,-1
941,2,1117,306,48,26,1,-1,-1,-1
942,2,1114,306,48,26,1,-1,-1,-1
943,2,1112,306,48,26,1,-1,-1,-1
944,2,1109,306,48,26,1,-1,-1,-1
945,2,1107,307,48,26,1,-1,-1,-1
946,2,1104,307,48,26,1,-1,-1,-1
947,2,1101,307,48,26,1,-1,-1,-1
948,2,1099,307,48,26,1,-1,-1,-1
949,2,1096,307,48,26,1,-1,-1,-1
950,2,1094,308,49,27,1,-1,-1,-1
951,2,1091,308,49,27,1,-1,-1,-1
952,2,1088,308,49,27,1,-1,-1,-1
953,2,1085,308,49,27,1,-1,-1,-1
954,2,1082,309,50,27,1,-1,-1,-1
955,2,1079,309,50,27,1,-1,-1,-1
956,2,1076,309,50,27,1,-1,-1,-1
957,2,1073,309,50,27,1,-1,-1,-1
958,2,1070,310,51,27,1,-1,-1,-1
959,2,1067,310,51,27,1,-1,-1,-1
960,2,1064,310,51,27,1,-1,-1,-1
961,2,1061,310,51,27,1,-1,-1,-1
962,2,1058,311,52,27,1,-1,-1,-1
963,2,1055,311,52,27,1,-1,-1,-1
964,2,1052,311,52,27,1,-1,-1,-1
965,2,1049,311,52,27,1,-1,-1,-1
966,2,1046,312,53,27,1,-1,-1,-1
967,2,1043,312,53,27,1,-1,-1,-1
968,2,1040,312,53,27,1,-1,-1,-1
969,2,1037,312,53,27,1,-1,-1,-1
970,2,1035,313,54,28,1,-1,-1,-1
971,2,1032,313,54,28,1,-1,-1,-1
972,2,1029,313,54,28,1,-1,-1,-1
973,2,1026,313,54,28,1,-1,-1,-1
974,2,1023,314,54,28,1,-1,-1,-1
975,2,1020,314,54,28,1,-1,-1,-1
976,2,1017,314,54,28,1,-1,-1,-1
977,2,1014,314,54,28,1,-1,-1,-1
978,2,1011,315,54,28,1,-1,-1,-1
979,2,1008,315,54,28,1,-1,-1,-1
980,2,1005,315,55,29,1,-1,-1,-1
981,2,1002,315,55,29,1,-1,-1,-1
982,2,999,316,55,29,1,-1,-1,-1
983,2,996,316,55,29,1,-1,-1,-1
984,2,993,316,55,29,1,-1,-1,-1
985,2,990,316,55,29,1,-1,-1,-1
986,2,987,317,55,29,1,-1,-1,-1
987,2,984,317,55,29,1,-1,-1,-1
988,2,981,317,55,29,1,-1,-1,-1
989,2,978,317,55,29,1,-1,-1,-1
990,2,976,318,56,30,1,-1,-1,-1
991,2,972,318,56,29,1,-1,-1,-1
992,2,969,318,56,29,1,-1,-1,-1
993,2,965,318,57,29,1,-1,-1,-1
994,2,962,319,57,29,1,-1,-1,-1
995,2,959,319,58,29,1,-1,-1,-1
996,2,955,319,58,29,1,-1,-1,-1
997,2,952,319,58,29,1,-1,-1,-1
998,2,948,320,59,29,1,-1,-1,-1
999,2,945,320,59,29,1,-1,-1,-1
1000,2,942,320,60,29,1,-1,-1,-1
1001,2,938,320,60,29,1,-1,-1,-1
1002,2,935,321,60,29,1,-1,-1,-1
1003,2,931,321,61,29,1,-1,-1,-1
1004,2,928,321,61,29,1,-1,-1,-1
1005,2,925,321,62,29,1,-1,-1,-1
1006,2,921,322,62,29,1,-1,-1,-1
1007,2,918,322,62,29,1,-1,-1,-1
1008,2,914,322,63,29,1,-1,-1,-1
1009,2,911,322,63,29,1,-1,-1,-1
1010,2,908,323,64,29,1,-1,-1,-1
1011,2,904,323,64,29,1,-1,-1,-1
1012,2,900,323,64,29,1,-1,-1,-1
1013,2,897,323,64,29,1,-1,-1,-1
1014,2,893,323,64,29,1,-1,-1,-1
1015,2,890,324,65,30,1,-1,-1,-1
1016,2,886,324,65,30,1,-1,-1,-1
1017,2,883,324,65,30,1,-1,-1,-1
1018,2,879,324,65,30,1,-1,-1,-1
1019,2,876,324,65,30,1,-1,-1,-1
1020,2,872,325,66,31,1,-1,-1,-1
1021,2,868,325,66,31,1,-1,-1,-1
1022,2,865,325,66,31,1,-1,-1,-1
1023,2,861,325,66,31,1,-1,-1,-1
1024,2,858,325,66,31,1,-1,-1,-1
1025,2,854,326,67,32,1,-1,-1,-1
1026,2,851,326,67,32,1,-1,-1,-1
1027,2,847,326,67,32,1,-1,-1,-1
1028,2,844,326,67,32,1,-1,-1,-1
1029,2,840,326,67,32,1,-1,-1,-1
1030,2,837,327,68,33,1,-1,-1,-1
1031,2,833,327,68,33,1,-1,-1,-1
1032,2,829,328,68,33,1,-1,-1,-1
1033,2,825,328,69,33,1,-1,-1,-1
1034,2,821,329,69,33,1,-1,-1,-1
1035,2,817,329,69,33,1,-1,-1,-1
1036,2,813,330,70,33,1,-1,-1,-1
1037,2,809,330,70,33,1,-1,-1,-1
1038,2,805,331,70,33,1,-1,-1,-1
1039,2,801,331,71,33,1,-1,-1,-1
1040,2,797,332,71,33,1,-1,-1,-1
1041,2,793,332,71,33,1,-1,-1,-1
1042,2,789,333,72,33,1,-1,-1,-1
1043,2,785,333,72,33,1,-1,-1,-1
1044,2,781,334,72,33,1,-1,-1,-1
1045,2,777,334,73,33,1,-1,-1,-1
1046,2,773,335,73,33,1,-1,-1,-1
1047,2,769,335,73,33,1,-1,-1,-1
1048,2,765,336,74,33,1,-1,-1,-1
1049,2,761,336,74,33,1,-1,-1,-1
1050,2,757,337,75,33,1,-1,-1,-1
1051,2,752,337,75,33,1,-1,-1,-1
1052,2,748,337,75,33,1,-1,-1,-1
1053,2,744,337,76,33,1,-1,-1,-1
1054,2,740,338,76,34,1,-1,-1,-1
1055,2,735,338,77,34,1,-1,-1,-1
1056,2,731,338,77,34,1,-1,-1,-1
1057,2,727,338,77,34,1,-1,-1,-1
1058,2,723,339,78,35,1,-1,-1,-1
1059,2,718,339,78,35,1,-1,-1,-1
1060,2,714,339,79,35,1,-1,-1,-1
1061,2,710,339,79,35,1,-1,-1,-1
1062,2,706,340,79,36,1,-1,-1,-1
1063,2,701,340,80,36,1,-1,-1,-1
1064,2,697,340,80,36,1,-1,-1,-1
1065,2,693,340,81,36,1,-1,-1,-1
1066,2,689,341,81,37,1,-1,-1,-1
1067,2,684,341,81,37,1,-1,-1,-1
1068,2,680,341,82,37,1,-1,-1,-1
1069,2,676,341,82,37,1,-1,-1,-1
1070,2,672,342,83,38,1,-1,-1,-1
1071,2,667,342,83,38,1,-1,-1,-1
1072,2,662,343,83,38,1,-1,-1,-1
1073,2,657,343,84,38,1,-1,-1,-1
1074,2,652,344,84,38,1,-1,-1,-1
1075,2,647,344,85,38,1,-1,-1,-1
1076,2,642,345,85,38,1,-1,-1,-1
1077,2,638,345,86,38,1,-1,-1,-1
1078,2,633,346,86,38,1,-1,-1,-1
1079,2,628,346,87,38,1,-1,-1,-1
1080,2,623,347,87,38,1,-1,-1,-1
1081,2,618,347,87,38,1,-1,-1,-1
1082,2,613,348,88,38,1,-1,-1,-1
1083,2,608,348,88,38,1,-1,-1,-1
1084,2,604,349,89,38,1,-1,-1,-1
1085,2,599,349,89,38,1,-1,-1,-1
1086,2,594,350,90,38,1,-1,-1,-1
1087,2,589,350,90,38,1,-1,-1,-1
1088,2,584,351,91,38,1,-1,-1,-1
1089,2,579,351,91,38,1,-1,-1,-1
1090,2,575,352,92,38,1,-1,-1,-1
1091,2,569,352,92,38,1,-1,-1,-1
1092,2,563,353,93,38,1,-1,-1,-1
1093,2,558,353,93,38,1,-1,-1,-1
1094,2,552,354,94,38,1,-1,-1,-1
1095,2,547,354,95,38,1,-1,-1,-1
1096,2,541,355,95,38,1,-1,-1,-1
1097,2,536,355,96,38,1,-1,-1,-1
1098,2,530,356,96,38,1,-1,-1,-1
1099,2,525,356,97,38,1,-1,-1,-1
1100,2,519,357,98,38,1,-1,-1,-1
1101,2,513,358,98,38,1,-1,-1,-1
1102,2,508,358,99,38,1,-1,-1,-1
1103,2,502,359,99,38,1,-1,-1,-1
1104,2,497,359,100,38,1,-1,-1,-1
1105,2,491,360,101,38,1,-1,-1,-1
1106,2,486,360,101,38,1,-1,-1,-1
1107,2,480,361,102,38,1,-1,-1,-1
1108,2,475,361,102,38,1,-1,-1,-1
1109,2,469,362,103,38,1,-1,-1,-1
1110,2,464,363,104,39,1,-1,-1,-1
1111,2,457,363,104,39,1,-1,-1,-1
1112,2,451,364,105,39,1,-1,-1,-1
1113,2,445,364,105,39,1,-1,-1,-1
1114,2,439,365,106,39,1,-1,-1,-1
1115,2,433,365,106,39,1,-1,-1,-1
1116,2,426,366,107,39,1,-1,-1,-1
1117,2,420,366,107,39,1,-1,-1,-1
1118,2,414,367,108,39,1,-1,-1,-1
1119,2,408,367,108,39,1,-1,-1,-1
1120,2,402,368,109,40,1,-1,-1,-1
1121,2,395,368,109,40,1,-1,-1,-1
1122,2,389,369,110,40,1,-1,-1,-1
1123,2,383,369,110,40,1,-1,-1,-1
1124,2,377,370,111,40,1,-1,-1,-1
1125,2,371,370,111,40,1,-1,-1,-1
1126,2,364,371,112,40,1,-1,-1,-1
1127,2,358,371,112,40,1,-1,-1,-1
1128,2,352,372,113,40,1,-1,-1,-1
1129,2,346,372,113,40,1,-1,-1,-1
1130,2,340,373,114,41,1,-1,-1,-1
1131,2,333,373,114,41,1,-1,-1,-1
1132,2,326,374,114,41,1,-1,-1,-1
1133,2,319,375,115,41,1,-1,-1,-1
1134,2,313,375,115,41,1,-1,-1,-1
1135,2,306,376,116,41,1,-1,-1,-1
1136,2,299,377,116,41,1,-1,-1,-1
1137,2,293,377,116,41,1,-1,-1,-1
1138,2,286,378,117,41,1,-1,-1,-1
1139,2,279,379,117,41,1,-1,-1,-1
1140,2,273,380,118,41,1,-1,-1,-1
1141,2,266,380,118,41,1,-1,-1,-1
1142,2,259,381,118,41,1,-1,-1,-1
1143,2,252,382,119,41,1,-1,-1,-1
1144,2,246,382,119,41,1,-1,-1,-1
1145,2,239,383,120,41,1,-1,-1,-1
1146,2,232,384,120,41,1,-1,-1,-1
1147,2,226,384,120,41,1,-1,-1,-1
1148,2,219,385,121,41,1,-1,-1,-1
1149,2,212,386,121,41,1,-1,-1,-1
1150,2,206,387,122,42,1,-1,-1,-1
1151,2,198,387,122,42,1,-1,-1,-1
1152,2,191,388,122,42,1,-1,-1,-1
1153,2,184,389,123,42,1,-1,-1,-1
1154,2,177,390,123,42,1,-1,-1,-1
1155,2,170,391,123,42,1,-1,-1,-1
1156,2,163,391,124,42,1,-1,-1,-1
1157,2,156,392,124,42,1,-1,-1,-1
1158,2,149,393,124,42,1,-1,-1,-1
1159,2,142,394,125,42,1,-1,-1,-1
1160,2,135,395,125,43,1,-1,-1,-1
1161,2,128,395,125,43,1,-1,-1,-1
1162,2,121,396,126,43,1,-1,-1,-1
1163,2,114,397,126,43,1,-1,-1,-1
1164,2,107,398,126,43,1,-1,-1,-1
1165,2,100,399,127,43,1,-1,-1,-1
1166,2,93,399,127,43,1,-1,-1,-1
1167,2,86,400,127,43,1,-1,-1,-1
1168,2,79,401,128,43,1,-1,-1,-1
1169,2,72,402,128,43,1,-1,-1,-1
1170,2,65,403,129,44,1,-1,-1,-1
1171,2,58,403,129,44,1,-1,-1,-1
1172,2,51,404,129,44,1,-1,-1,-1
1173,2,44,404,129,44,1,-1,-1,-1
1174,2,37,405,129,44,1,-1,-1,-1
1175,2,30,405,129,44,1,-1,-1,-1
1176,2,23,406,129,44,1,-1,-1,-1
1177,2,16,406,129,44,1,-1,-1,-1
1178,2,9,407,129,44,1,-1,-1,-1
1179,2,2,408,129,44,1,-1,-1,-1
1180,2,0,409,126,44,1,-1,-1,-1
1181,2,0,409,119,43,1,-1,-1,-1
1182,2,0,410,112,43,1,-1,-1,-1
1183,2,0,410,105,43,1,-1,-1,-1
1184,2,0,411,98,43,1,-1,-1,-1
1185,2,0,412,91,42,1,-1,-1,-1
1186,2,0,412,84,42,1,-1,-1,-1
1187,2,0,413,77,42,1,-1,-1,-1
1188,2,0,414,70,42,1,-1,-1,-1
1189,2,0,415,62,40,1,-1,-1,-1
1190,2,0,416,55,38,1,-1,-1,-1
1191,2,0,417,48,36,1,-1,-1,-1
1192,2,0,419,41,35,1,-1,-1,-1
1193,2,0,425,35,27,1,-1,-1,-1
1194,2,0,426,27,24,1,-1,-1,-1
1195,2,0,425,20,27,1,-1,-1,-1
1196,2,0,426,15,25,1,-1,-1,-1
1197,2,0,426,7,25,1,-1,-1,-1
3554,2,0,548,8,15,1,-1,-1,-1
3555,2,0,547,26,31,1,-1,-1,-1
3556,2,0,545,42,34,1,-1,-1,-1
3557,2,0,543,58,38,1,-1,-1,-1
3558,2,0,541,75,42,1,-1,-1,-1
3559,2,0,533,92,47,1,-1,-1,-1
3560,2,0,523,107,50,1,-1,-1,-1
3561,2,0,519,122,52,1,-1,-1,-1
3562,2,0,515,138,55,1,-1,-1,-1
3563,2,0,511,153,57,1,-1,-1,-1
3564,2,0,507,169,60,1,-1,-1,-1
3565,2,0,504,185,63,1,-1,-1,-1
3566,2,0,504,201,58,1,-1,-1,-1
3567,2,13,500,203,61,1,-1,-1,-1
3568,2,28,497,203,60,1,-1,-1,-1
3569,2,44,495,203,60,1,-1,-1,-1
3570,2,59,493,203,60,1,-1,-1,-1
3571,2,75,491,203,59,1,-1,-1,-1
3572,2,90,489,203,59,1,-1,-1,-1
3573,2,106,487,204,59,1,-1,-1,-1
3574,2,121,484,204,59,1,-1,-1,-1
3575,2,137,482,204,58,1,-1,-1,-1
3576,2,152,480,204,58,1,-1,-1,-1
3577,2,168,478,204,58,1,-1,-1,-1
3578,2,183,476,204,57,1,-1,-1,-1
3579,2,199,474,205,57,1,-1,-1,-1
3580,2,214,471,205,57,1,-1,-1,-1
3581,2,230,469,205,57,1,-1,-1,-1
3582,2,245,467,205,56,1,-1,-1,-1
3583,2,261,465,205,56,1,-1,-1,-1
3584,2,276,463,205,56,1,-1,-1,-1
3585,2,292,461,206,56,1,-1,-1,-1
3586,2,307,459,205,56,1,-1,-1,-1
3587,2,322,458,205,56,1,-1,-1,-1
3588,2,337,456,205,56,1,-1,-1,-1
3589,2,352,455,204,56,1,-1,-1,-1
3590,2,367,453,204,56,1,-1,-1,-1
3591,2,382,452,204,56,1,-1,-1,-1
3592,2,397,450,204,56,1,-1,-1,-1
3593,2,412,449,203,56,1,-1,-1,-1
3594,2,427,447,203,56,1,-1,-1,-1
3595,2,442,446,203,56,1,-1,-1,-1
3596,2,457,444,203,56,1,-1,-1,-1
3597,2,472,443,202,56,1,-1,-1,-1
3598,2,487,441,202,56,1,-1,-1,-1
3599,2,502,440,202,56,1,-1,-1,-1
3600,2,518,439,202,57,1,-1,-1,-1
3601,2,531,437,201,56,1,-1,-1,-1
3602,2,545,436,200,56,1,-1,-1,-1
3603,2,559,435,199,56,1,-1,-1,-1
3604,2,573,434,199,55,1,-1,-1,-1
3605,2,587,433,198,55,1,-1,-1,-1
3606,2,600,432,197,55,1,-1,-1,-1
3607,2,614,431,197,54,1,-1,-1,-1
3608,2,628,430,196,54,1,-1,-1,-1
3609,2,642,428,195,54,1,-1,-1,-1
3610,2,656,427,194,54,1,-1,-1,-1
3611,2,670,426,194,53,1,-1,-1,-1
3612,2,683,425,193,53,1,-1,-1,-1
3613,2,697,424,192,53,1,-1,-1,-1
3614,2,711,423,192,52,1,-1,-1,-1
3615,2,725,422,191,52,1,-1,-1,-1
3616,2,739,421,190,52,1,-1,-1,-1
3617,2,753,420,190,52,1,-1,-1,-1
3618,2,765,419,189,51,1,-1,-1,-1
3619,2,778,419,188,51,1,-1,-1,-1
3620,2,790,418,188,51,1,-1,-1,-1
3621,2,803,418,187,51,1,-1,-1,-1
3622,2,816,417,186,50,1,-1,-1,-1
3623,2,828,417,186,50,1,-1,-1,-1
3624,2,841,416,185,50,1,-1,-1,-1
3625,2,853,416,185,50,1,-1,-1,-1
3626,2,866,415,184,49,1,-1,-1,-1
3627,2,879,415,183,49,1,-1,-1,-1
3628,2,891,414,183,49,1,-1,-1,-1
3629,2,904,414,182,49,1,-1,-1,-1
3630,2,917,414,182,49,1,-1,-1,-1
3631,2,928,413,180,48,1,-1,-1,-1
3632,2,940,413,179,48,1,-1,-1,-1
3633,2,951,412,177,48,1,-1,-1,-1
3634,2,963,412,176,48,1,-1,-1,-1
3635,2,974,411,174,47,1,-1,-1,-1
3636,2,986,411,173,47,1,-1,-1,-1
3637,2,998,410,171,47,1,-1,-1,-1
3638,2,1009,410,170,47,1,-1,-1,-1
3639,2,1021,409,168,47,1,-1,-1,-1
3640,2,1032,409,167,46,1,-1,-1,-1
3641,2,1044,408,165,46,1,-1,-1,-1
3642,2,1055,408,164,46,1,-1,-1,-1
3643,2,1067,407,162,46,1,-1,-1,-1
3644,2,1079,407,161,46,1,-1,-1,-1
3645,2,1089,406,159,45,1,-1,-1,-1
3646,2,1100,406,158,45,1,-1,-1,-1
3647,2,1110,406,156,45,1,-1,-1,-1
3648,2,1121,406,155,45,1,-1,-1,-1
3649,2,1132,405,153,45,1,-1,-1,-1
3650,2,1142,405,152,45,1,-1,-1,-1
3651,2,1153,405,150,45,1,-1,-1,-1
3652,2,1164,405,149,45,1,-1,-1,-1
3653,2,1173,404,147,44,1,-1,-1,-1
3654,2,1182,404,146,44,1,-1,-1,-1
3655,2,1191,403,144,44,1,-1,-1,-1
3656,2,1201,403,143,44,1,-1,-1,-1
3657,2,1210,402,141,44,1,-1,-1,-1
3658,2,1219,402,140,44,1,-1,-1,-1
3659,2,1228,401,138,44,1,-1,-1,-1
3660,2,1238,401,137,44,1,-1,-1,-1
3661,2,1245,400,136,43,1,-1,-1,-1
3662,2,1253,400,135,43,1,-1,-1,-1
3663,2,1261,400,134,43,1,-1,-1,-1
3664,2,1269,400,133,43,1,-1,-1,-1
3665,2,1277,399,132,42,1,-1,-1,-1
3666,2,1285,399,131,42,1,-1,-1,-1
3667,2,1293,399,130,42,1,-1,-1,-1
3668,2,1301,399,129,42,1,-1,-1,-1
3669,2,1309,399,128,42,1,-1,-1,-1
3670,2,1317,398,127,41,1,-1,-1,-1
3671,2,1325,398,126,41,1,-1,-1,-1
3672,2,1333,398,125,41,1,-1,-1,-1
3673,2,1341,398,124,41,1,-1,-1,-1
3674,2,1349,398,123,41,1,-1,-1,-1
3675,2,1355,397,122,40,1,-1,-1,-1
3676,2,1362,397,121,40,1,-1,-1,-1
3677,2,1369,397,120,40,1,-1,-1,-1
3678,2,1375,397,119,40,1,-1,-1,-1
3679,2,1382,397,118,40,1,-1,-1,-1
3680,2,1389,396,117,39,1,-1,-1,-1
3681,2,1395,396,116,39,1,-1,-1,-1
3682,2,1402,396,115,39,1,-1,-1,-1
3683,2,1409,396,114,39,1,-1,-1,-1
3684,2,1415,396,113,39,1,-1,-1,-1
3685,2,1422,395,112,38,1,-1,-1,-1
3686,2,1429,395,111,38,1,-1,-1,-1
3687,2,1435,395,110,38,1,-1,-1,-1
3688,2,1442,395,109,38,1,-1,-1,-1
3689,2,1449,395,108,38,1,-1,-1,-1
3690,2,1456,395,107,38,1,-1,-1,-1
3691,2,1461,394,106,37,1,-1,-1,-1
3692,2,1466,394,105,37,1,-1,-1,-1
3693,2,1472,393,104,37,1,-1,-1,-1
3694,2,1477,393,103,37,1,-1,-1,-1
3695,2,1482,392,102,37,1,-1,-1,-1
3696,2,1488,392,101,37,1,-1,-1,-1
3697,2,1493,391,100,37,1,-1,-1,-1
3698,2,1498,391,99,37,1,-1,-1,-1
3699,2,1504,390,98,37,1,-1,-1,-1
3700,2,1509,390,97,37,1,-1,-1,-1
3701,2,1514,390,96,36,1,-1,-1,-1
3702,2,1520,389,95,36,1,-1,-1,-1
3703,2,1525,389,94,36,1,-1,-1,-1
3704,2,1530,388,93,36,1,-1,-1,-1
3705,2,1536,388,92,36,1,-1,-1,-1
3706,2,1541,387,91,36,1,-1,-1,-1
3707,2,1546,387,90,36,1,-1,-1,-1
3708,2,1552,386,89,36,1,-1,-1,-1
3709,2,1557,386,88,36,1,-1,-1,-1
3710,2,1563,386,87,36,1,-1,-1,-1
3711,2,1567,385,87,35,1,-1,-1,-1
3712,2,1571,385,87,35,1,-1,-1,-1
3713,2,1575,385,87,35,1,-1,-1,-1
3714,2,1579,385,87,34,1,-1,-1,-1
3715,2,1583,385,87,34,1,-1,-1,-1
3716,2,1588,385,87,34,1,-1,-1,-1
3717,2,1592,384,87,34,1,-1,-1,-1
3718,2,1596,384,87,33,1,-1,-1,-1
3719,2,1600,384,87,33,1,-1,-1,-1
3720,2,1604,384,87,33,1,-1,-1,-1
3721,2,1608,384,87,33,1,-1,-1,-1
3722,2,1613,384,87,32,1,-1,-1,-1
3723,2,1617,383,87,32,1,-1,-1,-1
3724,2,1621,383,87,32,1,-1,-1,-1
3725,2,1625,383,87,32,1,-1,-1,-1
3726,2,1629,383,87,31,1,-1,-1,-1
3727,2,1633,383,87,31,1,-1,-1,-1
3728,2,1638,383,87,31,1,-1,-1,-1
3729,2,1642,382,87,30,1,-1,-1,-1
3730,2,1646,382,87,30,1,-1,-1,-1
3731,2,1650,382,87,30,1,-1,-1,-1
3732,2,1654,382,87,30,1,-1,-1,-1
3733,2,1658,382,87,29,1,-1,-1,-1
3734,2,1663,382,87,29,1,-1,-1,-1
3735,2,1667,381,87,29,1,-1,-1,-1
3736,2,1671,381,87,29,1,-1,-1,-1
3737,2,1675,381,87,28,1,-1,-1,-1
3738,2,1679,381,87,28,1,-1,-1,-1
3739,2,1683,381,87,28,1,-1,-1,-1
3740,2,1688,381,88,28,1,-1,-1,-1
3741,2,1692,380,87,28,1,-1,-1,-1
3742,2,1696,380,87,28,1,-1,-1,-1
3743,2,1700,380,87,28,1,-1,-1,-1
3744,2,1704,379,86,28,1,-1,-1,-1
3745,2,1708,379,86,28,1,-1,-1,-1
3746,2,1712,379,86,28,1,-1,-1,-1
3747,2,1716,379,85,28,1,-1,-1,-1
3748,2,1720,378,85,28,1,-1,-1,-1
3749,2,1724,378,85,28,1,-1,-1,-1
3750,2,1728,378,84,28,1,-1,-1,-1
3751,2,1732,377,84,28,1,-1,-1,-1
3752,2,1736,377,84,28,1,-1,-1,-1
3753,2,1740,377,83,28,1,-1,-1,-1
3754,2,1744,377,83,28,1,-1,-1,-1
3755,2,1748,376,83,28,1,-1,-1,-1
3756,2,1752,376,82,28,1,-1,-1,-1
3757,2,1756,376,82,28,1,-1,-1,-1
3758,2,1760,376,82,29,1,-1,-1,-1
3759,2,1764,375,81,29,1,-1,-1,-1
3760,2,1768,375,80,29,1,-1,-1,-1
3761,2,1772,375,79,29,1,-1,-1,-1
3762,2,1776,375,78,29,1,-1,-1,-1
3763,2,1780,374,77,29,1,-1,-1,-1
3764,2,1784,374,77,29,1,-1,-1,-1
3765,2,1788,374,76,29,1,-1,-1,-1
3766,2,1792,374,75,29,1,-1,-1,-1
3767,2,1796,373,74,29,1,-1,-1,-1
3768,2,1800,373,73,29,1,-1,-1,-1
3769,2,1804,373,72,29,1,-1,-1,-1
3770,2,1808,373,72,30,1,-1,-1,-1
3771,2,1811,373,71,29,1,-1,-1,-1
3772,2,1815,373,70,29,1,-1,-1,-1
3773,2,1819,373,69,28,1,-1,-1,-1
3774,2,1822,373,68,28,1,-1,-1,-1
3775,2,1826,373,67,28,1,-1,-1,-1
3776,2,1830,373,66,27,1,-1,-1,-1
3777,2,1833,374,66,27,1,-1,-1,-1
3778,2,1837,374,65,26,1,-1,-1,-1
3779,2,1841,374,64,26,1,-1,-1,-1
3780,2,1844,374,63,26,1,-1,-1,-1
3781,2,1848,374,62,25,1,-1,-1,-1
3782,2,1852,374,61,25,1,-1,-1,-1
3783,2,1856,375,61,25,1,-1,-1,-1
3784,2,1857,373,60,27,1,-1,-1,-1
3785,2,1858,372,62,26,1,-1,-1,-1
3786,2,1861,372,59,26,1,-1,-1,-1
3787,2,1863,371,56,26,1,-1,-1,-1
3788,2,1866,371,53,26,1,-1,-1,-1
3789,2,1869,370,50,27,1,-1,-1,-1
3790,2,1872,370,47,27,1,-1,-1,-1
3791,2,1875,369,44,27,1,-1,-1,-1
3792,2,1878,369,42,28,1,-1,-1,-1
3793,2,1880,369,39,27,1,-1,-1,-1
3794,2,1883,369,37,26,1,-1,-1,-1
3795,2,1886,369,34,25,1,-1,-1,-1
3796,2,1888,369,32,24,1,-1,-1,-1
3797,2,1891,369,29,23,1,-1,-1,-1
3798,2,1894,370,27,22,1,-1,-1,-1
3799,2,1896,370,24,21,1,-1,-1,-1
3800,2,1899,371,22,20,1,-1,-1,-1
3801,2,1901,372,19,19,1,-1,-1,-1
3802,2,1904,372,17,18,1,-1,-1,-1
3803,2,1906,373,14,17,1,-1,-1,-1
3804,2,1909,374,12,17,1,-1,-1,-1
3805,2,1910,374,10,16,1,-1,-1,-1
3806,2,1912,374,8,15,1,-1,-1,-1
3807,2,1914,375,6,14,1,-1,-1,-1
3808,2,1916,376,5,11,1,-1,-1,-1
